"Title","Pupil progress (‘Progress 8’) between ages 11 and 16 (key stage 2 to key stage 4)"
"Location","England"
"Time period","2015/16"
"Data source","Department for Education"
"Data source link","https://www.gov.uk/government/statistics/revised-gcse-and-equivalent-results-in-england-2015-to-2016"
"Source","https://www.ethnicity-facts-figures.service.gov.uk"
"Last updated","2018-10-10"
"Measure","Academic Year","Time","Time Type","Ethnicity","Ethnicity Type","Geography","Geography type","ONS geography code","Gender","FSM","Admission Basis","Type of School","SEN","Religious character","Value","Denominator","Lower confidence interval","Upper confidence interval","",""
"Average Progress 8 score","2016/17","2017","Academic year","White","White/Asian/Black/Mixed/Chinese","England","Country","E92000001","All pupils","All pupils","All state-funded schools","All state-funded schools","All state-funded schools","All state-funded schools","-0.11","391019","-0.12","-0.11","",""
"Average Progress 8 score","2016/17","2017","Academic year","White - British","Ethnicities used by the National Pupil Database (19)","England","Country","E92000001","All pupils","All pupils","All state-funded schools","All state-funded schools","All state-funded schools","All state-funded schools","-0.14","370700","-0.15","-0.14","",""
"Average Progress 8 score","2016/17","2017","Academic year","White - Irish","Ethnicities used by the National Pupil Database (19)","England","Country","E92000001","All pupils","All pupils","All state-funded schools","All state-funded schools","All state-funded schools","All state-funded schools","0.08","1515","0.02","0.15","",""
"Average Progress 8 score","2016/17","2017","Academic year","White - Irish Traveller","Ethnicities used by the National Pupil Database (19)","England","Country","E92000001","All pupils","All pupils","All state-funded schools","All state-funded schools","All state-funded schools","All state-funded schools","-1.13","112","-1.36","-0.91","",""
"Average Progress 8 score","2016/17","2017","Academic year","White - Gypsy/Roma","Ethnicities used by the National Pupil Database (19)","England","Country","E92000001","All pupils","All pupils","All state-funded schools","All state-funded schools","All state-funded schools","All state-funded schools","-0.80","717","-0.89","-0.71","",""
"Average Progress 8 score","2016/17","2017","Academic year","White - Any other","Ethnicities used by the National Pupil Database (19)","England","Country","E92000001","All pupils","All pupils","All state-funded schools","All state-funded schools","All state-funded schools","All state-funded schools","0.49","17975","0.47","0.50","",""
"Average Progress 8 score","2016/17","2017","Academic year","Mixed","White/Asian/Black/Mixed/Chinese","England","Country","E92000001","All pupils","All pupils","All state-funded schools","All state-funded schools","All state-funded schools","All state-funded schools","-0.02","21851","-0.04","0.00","",""
"Average Progress 8 score","2016/17","2017","Academic year","Mixed - White and Black - Caribbean","Ethnicities used by the National Pupil Database (19)","England","Country","E92000001","All pupils","All pupils","All state-funded schools","All state-funded schools","All state-funded schools","All state-funded schools","-0.33","6894","-0.36","-0.30","",""
"Average Progress 8 score","2016/17","2017","Academic year","Mixed - White and Black - African","Ethnicities used by the National Pupil Database (19)","England","Country","E92000001","All pupils","All pupils","All state-funded schools","All state-funded schools","All state-funded schools","All state-funded schools","0.08","2451","0.03","0.13","",""
"Average Progress 8 score","2016/17","2017","Academic year","Mixed - White and Asian","Ethnicities used by the National Pupil Database (19)","England","Country","E92000001","All pupils","All pupils","All state-funded schools","All state-funded schools","All state-funded schools","All state-funded schools","0.16","4796","0.13","0.19","",""
"Average Progress 8 score","2016/17","2017","Academic year","Mixed - Any other ","Ethnicities used by the National Pupil Database (19)","England","Country","E92000001","All pupils","All pupils","All state-funded schools","All state-funded schools","All state-funded schools","All state-funded schools","0.12","7710","0.09","0.14","",""
"Average Progress 8 score","2016/17","2017","Academic year","Asian","White/Asian/Black/Mixed/Chinese","England","Country","E92000001","All pupils","All pupils","All state-funded schools","All state-funded schools","All state-funded schools","All state-funded schools","0.47","47775","0.46","0.48","",""
"Average Progress 8 score","2016/17","2017","Academic year","Asian - Indian","Ethnicities used by the National Pupil Database (19)","England","Country","E92000001","All pupils","All pupils","All state-funded schools","All state-funded schools","All state-funded schools","All state-funded schools","0.69","12378","0.67","0.72","",""
"Average Progress 8 score","2016/17","2017","Academic year","Asian - Pakistani","Ethnicities used by the National Pupil Database (19)","England","Country","E92000001","All pupils","All pupils","All state-funded schools","All state-funded schools","All state-funded schools","All state-funded schools","0.25","19920","0.23","0.27","",""
"Average Progress 8 score","2016/17","2017","Academic year","Asian - Bangladeshi","Ethnicities used by the National Pupil Database (19)","England","Country","E92000001","All pupils","All pupils","All state-funded schools","All state-funded schools","All state-funded schools","All state-funded schools","0.49","8265","0.47","0.52","",""
"Average Progress 8 score","2016/17","2017","Academic year","Asian - Any other","Ethnicities used by the National Pupil Database (19)","England","Country","E92000001","All pupils","All pupils","All state-funded schools","All state-funded schools","All state-funded schools","All state-funded schools","0.67","7212","0.64","0.70","",""
"Average Progress 8 score","2016/17","2017","Academic year","Black","White/Asian/Black/Mixed/Chinese","England","Country","E92000001","All pupils","All pupils","All state-funded schools","All state-funded schools","All state-funded schools","All state-funded schools","0.16","24177","0.15","0.18","",""
"Average Progress 8 score","2016/17","2017","Academic year","Black - Caribbean","Ethnicities used by the National Pupil Database (19)","England","Country","E92000001","All pupils","All pupils","All state-funded schools","All state-funded schools","All state-funded schools","All state-funded schools","-0.23","6759","-0.26","-0.21","",""
"Average Progress 8 score","2016/17","2017","Academic year","Black - African","Ethnicities used by the National Pupil Database (19)","England","Country","E92000001","All pupils","All pupils","All state-funded schools","All state-funded schools","All state-funded schools","All state-funded schools","0.37","14678","0.35","0.39","",""
"Average Progress 8 score","2016/17","2017","Academic year","Black - Any other ","Ethnicities used by the National Pupil Database (19)","England","Country","E92000001","All pupils","All pupils","All state-funded schools","All state-funded schools","All state-funded schools","All state-funded schools","0.03","2740","-0.02","0.08","",""
"Average Progress 8 score","2016/17","2017","Academic year","Chinese","White/Asian/Black/Mixed/Chinese","England","Country","E92000001","All pupils","All pupils","All state-funded schools","All state-funded schools","All state-funded schools","All state-funded schools","0.93","1679","0.87","0.99","",""
"Average Progress 8 score","2016/17","2017","Academic year","Other - Any other","Ethnicities used by the National Pupil Database (19)","England","Country","E92000001","All pupils","All pupils","All state-funded schools","All state-funded schools","All state-funded schools","All state-funded schools","0.60","6505","0.57","0.63","",""
"Average Progress 8 score","2016/17","2017","Academic year","Unclassified","Ethnicities used by the National Pupil Database (19)","England","Country","E92000001","All pupils","All pupils","All state-funded schools","All state-funded schools","All state-funded schools","All state-funded schools","-0.41","5898","-0.44","-0.38","",""
"Average Progress 8 score","2016/17","2017","Academic year","All pupils","All pupils","England","Country","E92000001","All pupils","All pupils","All state-funded schools","All state-funded schools","All state-funded schools","All state-funded schools","-0.03","498904","-0.03","-0.03","",""
"Average Progress 8 score","2016/17","2017","Academic year","White","White/Asian/Black/Mixed/Chinese","England","Country","E92000001","All pupils","All other pupils","All state-funded schools","All state-funded schools","All state-funded schools","All state-funded schools","-0.04","345234","-0.04","-0.03","",""
"Average Progress 8 score","2016/17","2017","Academic year","White - British","Ethnicities used by the National Pupil Database (19)","England","Country","E92000001","All pupils","All other pupils","All state-funded schools","All state-funded schools","All state-funded schools","All state-funded schools","-0.06","327307","-0.07","-0.06","",""
"Average Progress 8 score","2016/17","2017","Academic year","White - Irish","Ethnicities used by the National Pupil Database (19)","England","Country","E92000001","All pupils","All other pupils","All state-funded schools","All state-funded schools","All state-funded schools","All state-funded schools","0.18","1346","0.12","0.25","",""
"Average Progress 8 score","2016/17","2017","Academic year","White - Irish Traveller","Ethnicities used by the National Pupil Database (19)","England","Country","E92000001","All pupils","All other pupils","All state-funded schools","All state-funded schools","All state-funded schools","All state-funded schools","-0.95","49","-1.29","-0.61","",""
"Average Progress 8 score","2016/17","2017","Academic year","White - Gypsy/Roma","Ethnicities used by the National Pupil Database (19)","England","Country","E92000001","All pupils","All other pupils","All state-funded schools","All state-funded schools","All state-funded schools","All state-funded schools","-0.75","441","-0.86","-0.63","",""
"Average Progress 8 score","2016/17","2017","Academic year","White - Any other","Ethnicities used by the National Pupil Database (19)","England","Country","E92000001","All pupils","All other pupils","All state-funded schools","All state-funded schools","All state-funded schools","All state-funded schools","0.53","16091","0.51","0.55","",""
"Average Progress 8 score","2016/17","2017","Academic year","Mixed","White/Asian/Black/Mixed/Chinese","England","Country","E92000001","All pupils","All other pupils","All state-funded schools","All state-funded schools","All state-funded schools","All state-funded schools","0.08","17742","0.06","0.09","",""
"Average Progress 8 score","2016/17","2017","Academic year","Mixed - White and Black - Caribbean","Ethnicities used by the National Pupil Database (19)","England","Country","E92000001","All pupils","All other pupils","All state-funded schools","All state-funded schools","All state-funded schools","All state-funded schools","-0.21","5314","-0.25","-0.18","",""
"Average Progress 8 score","2016/17","2017","Academic year","Mixed - White and Black - African","Ethnicities used by the National Pupil Database (19)","England","Country","E92000001","All pupils","All other pupils","All state-funded schools","All state-funded schools","All state-funded schools","All state-funded schools","0.13","1945","0.07","0.18","",""
"Average Progress 8 score","2016/17","2017","Academic year","Mixed - White and Asian","Ethnicities used by the National Pupil Database (19)","England","Country","E92000001","All pupils","All other pupils","All state-funded schools","All state-funded schools","All state-funded schools","All state-funded schools","0.25","4103","0.22","0.29","",""
"Average Progress 8 score","2016/17","2017","Academic year","Mixed - Any other ","Ethnicities used by the National Pupil Database (19)","England","Country","E92000001","All pupils","All other pupils","All state-funded schools","All state-funded schools","All state-funded schools","All state-funded schools","0.19","6380","0.16","0.22","",""
"Average Progress 8 score","2016/17","2017","Academic year","Asian","White/Asian/Black/Mixed/Chinese","England","Country","E92000001","All pupils","All other pupils","All state-funded schools","All state-funded schools","All state-funded schools","All state-funded schools","0.52","39541","0.51","0.53","",""
"Average Progress 8 score","2016/17","2017","Academic year","Asian - Indian","Ethnicities used by the National Pupil Database (19)","England","Country","E92000001","All pupils","All other pupils","All state-funded schools","All state-funded schools","All state-funded schools","All state-funded schools","0.73","11410","0.70","0.75","",""
"Average Progress 8 score","2016/17","2017","Academic year","Asian - Pakistani","Ethnicities used by the National Pupil Database (19)","England","Country","E92000001","All pupils","All other pupils","All state-funded schools","All state-funded schools","All state-funded schools","All state-funded schools","0.29","15846","0.27","0.31","",""
"Average Progress 8 score","2016/17","2017","Academic year","Asian - Bangladeshi","Ethnicities used by the National Pupil Database (19)","England","Country","E92000001","All pupils","All other pupils","All state-funded schools","All state-funded schools","All state-funded schools","All state-funded schools","0.55","5931","0.51","0.58","",""
"Average Progress 8 score","2016/17","2017","Academic year","Asian - Any other","Ethnicities used by the National Pupil Database (19)","England","Country","E92000001","All pupils","All other pupils","All state-funded schools","All state-funded schools","All state-funded schools","All state-funded schools","0.71","6354","0.68","0.74","",""
"Average Progress 8 score","2016/17","2017","Academic year","Black","White/Asian/Black/Mixed/Chinese","England","Country","E92000001","All pupils","All other pupils","All state-funded schools","All state-funded schools","All state-funded schools","All state-funded schools","0.21","18797","0.20","0.23","",""
"Average Progress 8 score","2016/17","2017","Academic year","Black - Caribbean","Ethnicities used by the National Pupil Database (19)","England","Country","E92000001","All pupils","All other pupils","All state-funded schools","All state-funded schools","All state-funded schools","All state-funded schools","-0.16","5239","-0.19","-0.13","",""
"Average Progress 8 score","2016/17","2017","Academic year","Black - African","Ethnicities used by the National Pupil Database (19)","England","Country","E92000001","All pupils","All other pupils","All state-funded schools","All state-funded schools","All state-funded schools","All state-funded schools","0.40","11444","0.38","0.42","",""
"Average Progress 8 score","2016/17","2017","Academic year","Black - Any other ","Ethnicities used by the National Pupil Database (19)","England","Country","E92000001","All pupils","All other pupils","All state-funded schools","All state-funded schools","All state-funded schools","All state-funded schools","0.12","2114","0.07","0.17","",""
"Average Progress 8 score","2016/17","2017","Academic year","Chinese","White/Asian/Black/Mixed/Chinese","England","Country","E92000001","All pupils","All other pupils","All state-funded schools","All state-funded schools","All state-funded schools","All state-funded schools","0.93","1555","0.87","1.00","",""
"Average Progress 8 score","2016/17","2017","Academic year","Other - Any other","Ethnicities used by the National Pupil Database (19)","England","Country","E92000001","All pupils","All other pupils","All state-funded schools","All state-funded schools","All state-funded schools","All state-funded schools","0.67","4894","0.64","0.71","",""
"Average Progress 8 score","2016/17","2017","Academic year","Unclassified","Ethnicities used by the National Pupil Database (19)","England","Country","E92000001","All pupils","All other pupils","All state-funded schools","All state-funded schools","All state-funded schools","All state-funded schools","-0.35","5019","-0.38","-0.32","",""
"Average Progress 8 score","2016/17","2017","Academic year","All pupils","All pupils","England","Country","E92000001","All pupils","All other pupils","All state-funded schools","All state-funded schools","All state-funded schools","All state-funded schools","0.04","432782","0.03","0.04","",""
"Average Progress 8 score","2016/17","2017","Academic year","White","White/Asian/Black/Mixed/Chinese","England","Country","E92000001","All pupils","Pupils eligible for free school meals","All state-funded schools","All state-funded schools","All state-funded schools","All state-funded schools","-0.69","45785","-0.70","-0.68","",""
"Average Progress 8 score","2016/17","2017","Academic year","White - British","Ethnicities used by the National Pupil Database (19)","England","Country","E92000001","All pupils","Pupils eligible for free school meals","All state-funded schools","All state-funded schools","All state-funded schools","All state-funded schools","-0.72","43393","-0.74","-0.71","",""
"Average Progress 8 score","2016/17","2017","Academic year","White - Irish","Ethnicities used by the National Pupil Database (19)","England","Country","E92000001","All pupils","Pupils eligible for free school meals","All state-funded schools","All state-funded schools","All state-funded schools","All state-funded schools","-0.71","169","-0.90","-0.53","",""
"Average Progress 8 score","2016/17","2017","Academic year","White - Irish Traveller","Ethnicities used by the National Pupil Database (19)","England","Country","E92000001","All pupils","Pupils eligible for free school meals","All state-funded schools","All state-funded schools","All state-funded schools","All state-funded schools","-1.28","63","-1.58","-0.97","",""
"Average Progress 8 score","2016/17","2017","Academic year","White - Gypsy/Roma","Ethnicities used by the National Pupil Database (19)","England","Country","E92000001","All pupils","Pupils eligible for free school meals","All state-funded schools","All state-funded schools","All state-funded schools","All state-funded schools","-0.89","276","-1.03","-0.74","",""
"Average Progress 8 score","2016/17","2017","Academic year","White - Any other","Ethnicities used by the National Pupil Database (19)","England","Country","E92000001","All pupils","Pupils eligible for free school meals","All state-funded schools","All state-funded schools","All state-funded schools","All state-funded schools","0.11","1884","0.06","0.17","",""
"Average Progress 8 score","2016/17","2017","Academic year","Mixed","White/Asian/Black/Mixed/Chinese","England","Country","E92000001","All pupils","Pupils eligible for free school meals","All state-funded schools","All state-funded schools","All state-funded schools","All state-funded schools","-0.43","4109","-0.47","-0.39","",""
"Average Progress 8 score","2016/17","2017","Academic year","Mixed - White and Black - Caribbean","Ethnicities used by the National Pupil Database (19)","England","Country","E92000001","All pupils","Pupils eligible for free school meals","All state-funded schools","All state-funded schools","All state-funded schools","All state-funded schools","-0.72","1580","-0.78","-0.66","",""
"Average Progress 8 score","2016/17","2017","Academic year","Mixed - White and Black - African","Ethnicities used by the National Pupil Database (19)","England","Country","E92000001","All pupils","Pupils eligible for free school meals","All state-funded schools","All state-funded schools","All state-funded schools","All state-funded schools","-0.11","506","-0.22","-0.01","",""
"Average Progress 8 score","2016/17","2017","Academic year","Mixed - White and Asian","Ethnicities used by the National Pupil Database (19)","England","Country","E92000001","All pupils","Pupils eligible for free school meals","All state-funded schools","All state-funded schools","All state-funded schools","All state-funded schools","-0.40","693","-0.49","-0.31","",""
"Average Progress 8 score","2016/17","2017","Academic year","Mixed - Any other ","Ethnicities used by the National Pupil Database (19)","England","Country","E92000001","All pupils","Pupils eligible for free school meals","All state-funded schools","All state-funded schools","All state-funded schools","All state-funded schools","-0.22","1330","-0.29","-0.16","",""
"Average Progress 8 score","2016/17","2017","Academic year","Asian","White/Asian/Black/Mixed/Chinese","England","Country","E92000001","All pupils","Pupils eligible for free school meals","All state-funded schools","All state-funded schools","All state-funded schools","All state-funded schools","0.22","8234","0.19","0.25","",""
"Average Progress 8 score","2016/17","2017","Academic year","Asian - Indian","Ethnicities used by the National Pupil Database (19)","England","Country","E92000001","All pupils","Pupils eligible for free school meals","All state-funded schools","All state-funded schools","All state-funded schools","All state-funded schools","0.33","968","0.25","0.40","",""
"Average Progress 8 score","2016/17","2017","Academic year","Asian - Pakistani","Ethnicities used by the National Pupil Database (19)","England","Country","E92000001","All pupils","Pupils eligible for free school meals","All state-funded schools","All state-funded schools","All state-funded schools","All state-funded schools","0.08","4074","0.04","0.12","",""
"Average Progress 8 score","2016/17","2017","Academic year","Asian - Bangladeshi","Ethnicities used by the National Pupil Database (19)","England","Country","E92000001","All pupils","Pupils eligible for free school meals","All state-funded schools","All state-funded schools","All state-funded schools","All state-funded schools","0.36","2334","0.31","0.41","",""
"Average Progress 8 score","2016/17","2017","Academic year","Asian - Any other","Ethnicities used by the National Pupil Database (19)","England","Country","E92000001","All pupils","Pupils eligible for free school meals","All state-funded schools","All state-funded schools","All state-funded schools","All state-funded schools","0.38","858","0.30","0.46","",""
"Average Progress 8 score","2016/17","2017","Academic year","Black","White/Asian/Black/Mixed/Chinese","England","Country","E92000001","All pupils","Pupils eligible for free school meals","All state-funded schools","All state-funded schools","All state-funded schools","All state-funded schools","-0.02","5380","-0.05","0.01","",""
"Average Progress 8 score","2016/17","2017","Academic year","Black - Caribbean","Ethnicities used by the National Pupil Database (19)","England","Country","E92000001","All pupils","Pupils eligible for free school meals","All state-funded schools","All state-funded schools","All state-funded schools","All state-funded schools","-0.49","1520","-0.55","-0.43","",""
"Average Progress 8 score","2016/17","2017","Academic year","Black - African","Ethnicities used by the National Pupil Database (19)","England","Country","E92000001","All pupils","Pupils eligible for free school meals","All state-funded schools","All state-funded schools","All state-funded schools","All state-funded schools","0.25","3234","0.21","0.29","",""
"Average Progress 8 score","2016/17","2017","Academic year","Black - Any other ","Ethnicities used by the National Pupil Database (19)","England","Country","E92000001","All pupils","Pupils eligible for free school meals","All state-funded schools","All state-funded schools","All state-funded schools","All state-funded schools","-0.27","626","-0.36","-0.17","",""
"Average Progress 8 score","2016/17","2017","Academic year","Chinese","White/Asian/Black/Mixed/Chinese","England","Country","E92000001","All pupils","Pupils eligible for free school meals","All state-funded schools","All state-funded schools","All state-funded schools","All state-funded schools","0.86","124","0.65","1.08","",""
"Average Progress 8 score","2016/17","2017","Academic year","Other - Any other","Ethnicities used by the National Pupil Database (19)","England","Country","E92000001","All pupils","Pupils eligible for free school meals","All state-funded schools","All state-funded schools","All state-funded schools","All state-funded schools","0.37","1611","0.31","0.43","",""
"Average Progress 8 score","2016/17","2017","Academic year","Unclassified","Ethnicities used by the National Pupil Database (19)","England","Country","E92000001","All pupils","Pupils eligible for free school meals","All state-funded schools","All state-funded schools","All state-funded schools","All state-funded schools","-0.73","879","-0.81","-0.65","",""
"Average Progress 8 score","2016/17","2017","Academic year","All pupils","All pupils","England","Country","E92000001","All pupils","Pupils eligible for free school meals","All state-funded schools","All state-funded schools","All state-funded schools","All state-funded schools","-0.48","66122","-0.49","-0.47","",""
"Average Progress 8 score","2016/17","2017","Academic year","White","White/Asian/Black/Mixed/Chinese","England","Country","E92000001","Boys","All pupils","All state-funded schools","All state-funded schools","All state-funded schools","All state-funded schools","-0.32","198647","-0.33","-0.32","",""
"Average Progress 8 score","2016/17","2017","Academic year","White - British","Ethnicities used by the National Pupil Database (19)","England","Country","E92000001","Boys","All pupils","All state-funded schools","All state-funded schools","All state-funded schools","All state-funded schools","-0.35","188330","-0.35","-0.34","",""
"Average Progress 8 score","2016/17","2017","Academic year","White - Irish","Ethnicities used by the National Pupil Database (19)","England","Country","E92000001","Boys","All pupils","All state-funded schools","All state-funded schools","All state-funded schools","All state-funded schools","-0.09","771","-0.18","0.00","",""
"Average Progress 8 score","2016/17","2017","Academic year","White - Irish Traveller","Ethnicities used by the National Pupil Database (19)","England","Country","E92000001","Boys","All pupils","All state-funded schools","All state-funded schools","All state-funded schools","All state-funded schools","-1.41","51","-1.74","-1.07","",""
"Average Progress 8 score","2016/17","2017","Academic year","White - Gypsy/Roma","Ethnicities used by the National Pupil Database (19)","England","Country","E92000001","Boys","All pupils","All state-funded schools","All state-funded schools","All state-funded schools","All state-funded schools","-0.90","372","-1.02","-0.77","",""
"Average Progress 8 score","2016/17","2017","Academic year","White - Any other","Ethnicities used by the National Pupil Database (19)","England","Country","E92000001","Boys","All pupils","All state-funded schools","All state-funded schools","All state-funded schools","All state-funded schools","0.24","9123","0.22","0.27","",""
"Average Progress 8 score","2016/17","2017","Academic year","Mixed","White/Asian/Black/Mixed/Chinese","England","Country","E92000001","Boys","All pupils","All state-funded schools","All state-funded schools","All state-funded schools","All state-funded schools","-0.23","10910","-0.25","-0.21","",""
"Average Progress 8 score","2016/17","2017","Academic year","Mixed - White and Black - Caribbean","Ethnicities used by the National Pupil Database (19)","England","Country","E92000001","Boys","All pupils","All state-funded schools","All state-funded schools","All state-funded schools","All state-funded schools","-0.57","3401","-0.61","-0.53","",""
"Average Progress 8 score","2016/17","2017","Academic year","Mixed - White and Black - African","Ethnicities used by the National Pupil Database (19)","England","Country","E92000001","Boys","All pupils","All state-funded schools","All state-funded schools","All state-funded schools","All state-funded schools","-0.16","1210","-0.23","-0.09","",""
"Average Progress 8 score","2016/17","2017","Academic year","Mixed - White and Asian","Ethnicities used by the National Pupil Database (19)","England","Country","E92000001","Boys","All pupils","All state-funded schools","All state-funded schools","All state-funded schools","All state-funded schools","-0.02","2415","-0.07","0.03","",""
"Average Progress 8 score","2016/17","2017","Academic year","Mixed - Any other ","Ethnicities used by the National Pupil Database (19)","England","Country","E92000001","Boys","All pupils","All state-funded schools","All state-funded schools","All state-funded schools","All state-funded schools","-0.09","3884","-0.13","-0.06","",""
"Average Progress 8 score","2016/17","2017","Academic year","Asian","White/Asian/Black/Mixed/Chinese","England","Country","E92000001","Boys","All pupils","All state-funded schools","All state-funded schools","All state-funded schools","All state-funded schools","0.28","24343","0.26","0.29","",""
"Average Progress 8 score","2016/17","2017","Academic year","Asian - Indian","Ethnicities used by the National Pupil Database (19)","England","Country","E92000001","Boys","All pupils","All state-funded schools","All state-funded schools","All state-funded schools","All state-funded schools","0.52","6445","0.49","0.55","",""
"Average Progress 8 score","2016/17","2017","Academic year","Asian - Pakistani","Ethnicities used by the National Pupil Database (19)","England","Country","E92000001","Boys","All pupils","All state-funded schools","All state-funded schools","All state-funded schools","All state-funded schools","0.03","10155","0.01","0.06","",""
"Average Progress 8 score","2016/17","2017","Academic year","Asian - Bangladeshi","Ethnicities used by the National Pupil Database (19)","England","Country","E92000001","Boys","All pupils","All state-funded schools","All state-funded schools","All state-funded schools","All state-funded schools","0.28","4034","0.24","0.32","",""
"Average Progress 8 score","2016/17","2017","Academic year","Asian - Any other","Ethnicities used by the National Pupil Database (19)","England","Country","E92000001","Boys","All pupils","All state-funded schools","All state-funded schools","All state-funded schools","All state-funded schools","0.51","3709","0.47","0.55","",""
"Average Progress 8 score","2016/17","2017","Academic year","Black","White/Asian/Black/Mixed/Chinese","England","Country","E92000001","Boys","All pupils","All state-funded schools","All state-funded schools","All state-funded schools","All state-funded schools","-0.06","11999","-0.08","-0.04","",""
"Average Progress 8 score","2016/17","2017","Academic year","Black - Caribbean","Ethnicities used by the National Pupil Database (19)","England","Country","E92000001","Boys","All pupils","All state-funded schools","All state-funded schools","All state-funded schools","All state-funded schools","-0.47","3358","-0.51","-0.43","",""
"Average Progress 8 score","2016/17","2017","Academic year","Black - African","Ethnicities used by the National Pupil Database (19)","England","Country","E92000001","Boys","All pupils","All state-funded schools","All state-funded schools","All state-funded schools","All state-funded schools","0.15","7285","0.12","0.18","",""
"Average Progress 8 score","2016/17","2017","Academic year","Black - Any other ","Ethnicities used by the National Pupil Database (19)","England","Country","E92000001","Boys","All pupils","All state-funded schools","All state-funded schools","All state-funded schools","All state-funded schools","-0.19","1356","-0.26","-0.13","",""
"Average Progress 8 score","2016/17","2017","Academic year","Chinese","White/Asian/Black/Mixed/Chinese","England","Country","E92000001","Boys","All pupils","All state-funded schools","All state-funded schools","All state-funded schools","All state-funded schools","0.83","861","0.75","0.91","",""
"Average Progress 8 score","2016/17","2017","Academic year","Other - Any other","Ethnicities used by the National Pupil Database (19)","England","Country","E92000001","Boys","All pupils","All state-funded schools","All state-funded schools","All state-funded schools","All state-funded schools","0.41","3371","0.37","0.46","",""
"Average Progress 8 score","2016/17","2017","Academic year","Unclassified","Ethnicities used by the National Pupil Database (19)","England","Country","E92000001","Boys","All pupils","All state-funded schools","All state-funded schools","All state-funded schools","All state-funded schools","-0.60","3059","-0.64","-0.56","",""
"Average Progress 8 score","2016/17","2017","Academic year","All pupils","All pupils","England","Country","E92000001","Boys","All pupils","All state-funded schools","All state-funded schools","All state-funded schools","All state-funded schools","-0.24","253190","-0.24","-0.23","",""
"Average Progress 8 score","2016/17","2017","Academic year","White","White/Asian/Black/Mixed/Chinese","England","Country","E92000001","Girls","All pupils","All state-funded schools","All state-funded schools","All state-funded schools","All state-funded schools","0.10","192372","0.10","0.11","",""
"Average Progress 8 score","2016/17","2017","Academic year","White - British","Ethnicities used by the National Pupil Database (19)","England","Country","E92000001","Girls","All pupils","All state-funded schools","All state-funded schools","All state-funded schools","All state-funded schools","0.07","182370","0.07","0.08","",""
"Average Progress 8 score","2016/17","2017","Academic year","White - Irish","Ethnicities used by the National Pupil Database (19)","England","Country","E92000001","Girls","All pupils","All state-funded schools","All state-funded schools","All state-funded schools","All state-funded schools","0.26","744","0.18","0.35","",""
"Average Progress 8 score","2016/17","2017","Academic year","White - Irish Traveller","Ethnicities used by the National Pupil Database (19)","England","Country","E92000001","Girls","All pupils","All state-funded schools","All state-funded schools","All state-funded schools","All state-funded schools","-0.91","61","-1.21","-0.60","",""
"Average Progress 8 score","2016/17","2017","Academic year","White - Gypsy/Roma","Ethnicities used by the National Pupil Database (19)","England","Country","E92000001","Girls","All pupils","All state-funded schools","All state-funded schools","All state-funded schools","All state-funded schools","-0.70","345","-0.83","-0.57","",""
"Average Progress 8 score","2016/17","2017","Academic year","White - Any other","Ethnicities used by the National Pupil Database (19)","England","Country","E92000001","Girls","All pupils","All state-funded schools","All state-funded schools","All state-funded schools","All state-funded schools","0.74","8852","0.71","0.76","",""
"Average Progress 8 score","2016/17","2017","Academic year","Mixed","White/Asian/Black/Mixed/Chinese","England","Country","E92000001","Girls","All pupils","All state-funded schools","All state-funded schools","All state-funded schools","All state-funded schools","0.19","10941","0.17","0.22","",""
"Average Progress 8 score","2016/17","2017","Academic year","Mixed - White and Black - Caribbean","Ethnicities used by the National Pupil Database (19)","England","Country","E92000001","Girls","All pupils","All state-funded schools","All state-funded schools","All state-funded schools","All state-funded schools","-0.10","3493","-0.14","-0.06","",""
"Average Progress 8 score","2016/17","2017","Academic year","Mixed - White and Black - African","Ethnicities used by the National Pupil Database (19)","England","Country","E92000001","Girls","All pupils","All state-funded schools","All state-funded schools","All state-funded schools","All state-funded schools","0.31","1241","0.24","0.38","",""
"Average Progress 8 score","2016/17","2017","Academic year","Mixed - White and Asian","Ethnicities used by the National Pupil Database (19)","England","Country","E92000001","Girls","All pupils","All state-funded schools","All state-funded schools","All state-funded schools","All state-funded schools","0.34","2381","0.29","0.39","",""
"Average Progress 8 score","2016/17","2017","Academic year","Mixed - Any other ","Ethnicities used by the National Pupil Database (19)","England","Country","E92000001","Girls","All pupils","All state-funded schools","All state-funded schools","All state-funded schools","All state-funded schools","0.33","3826","0.29","0.37","",""
"Average Progress 8 score","2016/17","2017","Academic year","Asian","White/Asian/Black/Mixed/Chinese","England","Country","E92000001","Girls","All pupils","All state-funded schools","All state-funded schools","All state-funded schools","All state-funded schools","0.67","23432","0.65","0.69","",""
"Average Progress 8 score","2016/17","2017","Academic year","Asian - Indian","Ethnicities used by the National Pupil Database (19)","England","Country","E92000001","Girls","All pupils","All state-funded schools","All state-funded schools","All state-funded schools","All state-funded schools","0.88","5933","0.85","0.91","",""
"Average Progress 8 score","2016/17","2017","Academic year","Asian - Pakistani","Ethnicities used by the National Pupil Database (19)","England","Country","E92000001","Girls","All pupils","All state-funded schools","All state-funded schools","All state-funded schools","All state-funded schools","0.47","9765","0.45","0.49","",""
"Average Progress 8 score","2016/17","2017","Academic year","Asian - Bangladeshi","Ethnicities used by the National Pupil Database (19)","England","Country","E92000001","Girls","All pupils","All state-funded schools","All state-funded schools","All state-funded schools","All state-funded schools","0.70","4231","0.66","0.74","",""
"Average Progress 8 score","2016/17","2017","Academic year","Asian - Any other","Ethnicities used by the National Pupil Database (19)","England","Country","E92000001","Girls","All pupils","All state-funded schools","All state-funded schools","All state-funded schools","All state-funded schools","0.84","3503","0.80","0.88","",""
"Average Progress 8 score","2016/17","2017","Academic year","Black","White/Asian/Black/Mixed/Chinese","England","Country","E92000001","Girls","All pupils","All state-funded schools","All state-funded schools","All state-funded schools","All state-funded schools","0.38","12178","0.36","0.40","",""
"Average Progress 8 score","2016/17","2017","Academic year","Black - Caribbean","Ethnicities used by the National Pupil Database (19)","England","Country","E92000001","Girls","All pupils","All state-funded schools","All state-funded schools","All state-funded schools","All state-funded schools","-0.01","3401","-0.05","0.04","",""
"Average Progress 8 score","2016/17","2017","Academic year","Black - African","Ethnicities used by the National Pupil Database (19)","England","Country","E92000001","Girls","All pupils","All state-funded schools","All state-funded schools","All state-funded schools","All state-funded schools","0.58","7393","0.55","0.61","",""
"Average Progress 8 score","2016/17","2017","Academic year","Black - Any other ","Ethnicities used by the National Pupil Database (19)","England","Country","E92000001","Girls","All pupils","All state-funded schools","All state-funded schools","All state-funded schools","All state-funded schools","0.25","1384","0.18","0.31","",""
"Average Progress 8 score","2016/17","2017","Academic year","Chinese","White/Asian/Black/Mixed/Chinese","England","Country","E92000001","Girls","All pupils","All state-funded schools","All state-funded schools","All state-funded schools","All state-funded schools","1.03","818","0.95","1.12","",""
"Average Progress 8 score","2016/17","2017","Academic year","Other - Any other","Ethnicities used by the National Pupil Database (19)","England","Country","E92000001","Girls","All pupils","All state-funded schools","All state-funded schools","All state-funded schools","All state-funded schools","0.79","3134","0.75","0.83","",""
"Average Progress 8 score","2016/17","2017","Academic year","Unclassified","Ethnicities used by the National Pupil Database (19)","England","Country","E92000001","Girls","All pupils","All state-funded schools","All state-funded schools","All state-funded schools","All state-funded schools","-0.20","2839","-0.24","-0.15","",""
"Average Progress 8 score","2016/17","2017","Academic year","All pupils","All pupils","England","Country","E92000001","Girls","All pupils","All state-funded schools","All state-funded schools","All state-funded schools","All state-funded schools","0.18","245714","0.18","0.19","",""
"Average Progress 8 score","2016/17","2017","Academic year","White","White/Asian/Black/Mixed/Chinese","England","Country","E92000001","Boys","All other pupils","All state-funded schools","All state-funded schools","All state-funded schools","All state-funded schools","-0.25","175522","-0.25","-0.24","",""
"Average Progress 8 score","2016/17","2017","Academic year","White - British","Ethnicities used by the National Pupil Database (19)","England","Country","E92000001","Boys","All other pupils","All state-funded schools","All state-funded schools","All state-funded schools","All state-funded schools","-0.27","166396","-0.28","-0.27","",""
"Average Progress 8 score","2016/17","2017","Academic year","White - Irish","Ethnicities used by the National Pupil Database (19)","England","Country","E92000001","Boys","All other pupils","All state-funded schools","All state-funded schools","All state-funded schools","All state-funded schools","-0.01","691","-0.10","0.08","",""
"Average Progress 8 score","2016/17","2017","Academic year","White - Irish Traveller","Ethnicities used by the National Pupil Database (19)","England","Country","E92000001","Boys","All other pupils","All state-funded schools","All state-funded schools","All state-funded schools","All state-funded schools","-1.30","25","-1.78","-0.82","",""
"Average Progress 8 score","2016/17","2017","Academic year","White - Gypsy/Roma","Ethnicities used by the National Pupil Database (19)","England","Country","E92000001","Boys","All other pupils","All state-funded schools","All state-funded schools","All state-funded schools","All state-funded schools","-0.87","237","-1.03","-0.71","",""
"Average Progress 8 score","2016/17","2017","Academic year","White - Any other","Ethnicities used by the National Pupil Database (19)","England","Country","E92000001","Boys","All other pupils","All state-funded schools","All state-funded schools","All state-funded schools","All state-funded schools","0.29","8173","0.26","0.31","",""
"Average Progress 8 score","2016/17","2017","Academic year","Mixed","White/Asian/Black/Mixed/Chinese","England","Country","E92000001","Boys","All other pupils","All state-funded schools","All state-funded schools","All state-funded schools","All state-funded schools","-0.14","8875","-0.17","-0.11","",""
"Average Progress 8 score","2016/17","2017","Academic year","Mixed - White and Black - Caribbean","Ethnicities used by the National Pupil Database (19)","England","Country","E92000001","Boys","All other pupils","All state-funded schools","All state-funded schools","All state-funded schools","All state-funded schools","-0.45","2631","-0.50","-0.41","",""
"Average Progress 8 score","2016/17","2017","Academic year","Mixed - White and Black - African","Ethnicities used by the National Pupil Database (19)","England","Country","E92000001","Boys","All other pupils","All state-funded schools","All state-funded schools","All state-funded schools","All state-funded schools","-0.09","973","-0.17","-0.01","",""
"Average Progress 8 score","2016/17","2017","Academic year","Mixed - White and Asian","Ethnicities used by the National Pupil Database (19)","England","Country","E92000001","Boys","All other pupils","All state-funded schools","All state-funded schools","All state-funded schools","All state-funded schools","0.07","2054","0.02","0.12","",""
"Average Progress 8 score","2016/17","2017","Academic year","Mixed - Any other ","Ethnicities used by the National Pupil Database (19)","England","Country","E92000001","Boys","All other pupils","All state-funded schools","All state-funded schools","All state-funded schools","All state-funded schools","-0.03","3217","-0.07","0.01","",""
"Average Progress 8 score","2016/17","2017","Academic year","Asian","White/Asian/Black/Mixed/Chinese","England","Country","E92000001","Boys","All other pupils","All state-funded schools","All state-funded schools","All state-funded schools","All state-funded schools","0.33","20279","0.32","0.35","",""
"Average Progress 8 score","2016/17","2017","Academic year","Asian - Indian","Ethnicities used by the National Pupil Database (19)","England","Country","E92000001","Boys","All other pupils","All state-funded schools","All state-funded schools","All state-funded schools","All state-funded schools","0.56","5975","0.53","0.59","",""
"Average Progress 8 score","2016/17","2017","Academic year","Asian - Pakistani","Ethnicities used by the National Pupil Database (19)","England","Country","E92000001","Boys","All other pupils","All state-funded schools","All state-funded schools","All state-funded schools","All state-funded schools","0.08","8156","0.05","0.11","",""
"Average Progress 8 score","2016/17","2017","Academic year","Asian - Bangladeshi","Ethnicities used by the National Pupil Database (19)","England","Country","E92000001","Boys","All other pupils","All state-funded schools","All state-funded schools","All state-funded schools","All state-funded schools","0.35","2899","0.30","0.39","",""
"Average Progress 8 score","2016/17","2017","Academic year","Asian - Any other","Ethnicities used by the National Pupil Database (19)","England","Country","E92000001","Boys","All other pupils","All state-funded schools","All state-funded schools","All state-funded schools","All state-funded schools","0.55","3249","0.51","0.59","",""
"Average Progress 8 score","2016/17","2017","Academic year","Black","White/Asian/Black/Mixed/Chinese","England","Country","E92000001","Boys","All other pupils","All state-funded schools","All state-funded schools","All state-funded schools","All state-funded schools","0.00","9355","-0.02","0.03","",""
"Average Progress 8 score","2016/17","2017","Academic year","Black - Caribbean","Ethnicities used by the National Pupil Database (19)","England","Country","E92000001","Boys","All other pupils","All state-funded schools","All state-funded schools","All state-funded schools","All state-funded schools","-0.39","2590","-0.44","-0.34","",""
"Average Progress 8 score","2016/17","2017","Academic year","Black - African","Ethnicities used by the National Pupil Database (19)","England","Country","E92000001","Boys","All other pupils","All state-funded schools","All state-funded schools","All state-funded schools","All state-funded schools","0.20","5720","0.17","0.23","",""
"Average Progress 8 score","2016/17","2017","Academic year","Black - Any other ","Ethnicities used by the National Pupil Database (19)","England","Country","E92000001","Boys","All other pupils","All state-funded schools","All state-funded schools","All state-funded schools","All state-funded schools","-0.11","1045","-0.18","-0.03","",""
"Average Progress 8 score","2016/17","2017","Academic year","Chinese","White/Asian/Black/Mixed/Chinese","England","Country","E92000001","Boys","All other pupils","All state-funded schools","All state-funded schools","All state-funded schools","All state-funded schools","0.83","796","0.75","0.92","",""
"Average Progress 8 score","2016/17","2017","Academic year","Other - Any other","Ethnicities used by the National Pupil Database (19)","England","Country","E92000001","Boys","All other pupils","All state-funded schools","All state-funded schools","All state-funded schools","All state-funded schools","0.49","2550","0.45","0.45","",""
"Average Progress 8 score","2016/17","2017","Academic year","Unclassified","Ethnicities used by the National Pupil Database (19)","England","Country","E92000001","Boys","All other pupils","All state-funded schools","All state-funded schools","All state-funded schools","All state-funded schools","-0.55","2612","-0.59","-0.50","",""
"Average Progress 8 score","2016/17","2017","Academic year","All pupils","All pupils","England","Country","E92000001","Boys","All other pupils","All state-funded schools","All state-funded schools","All state-funded schools","All state-funded schools","-0.17","219989","-0.18","-0.18","",""
"Average Progress 8 score","2016/17","2017","Academic year","White","White/Asian/Black/Mixed/Chinese","England","Country","E92000001","Girls","All other pupils","All state-funded schools","All state-funded schools","All state-funded schools","All state-funded schools","0.18","169712","0.18","0.19","",""
"Average Progress 8 score","2016/17","2017","Academic year","White - British","Ethnicities used by the National Pupil Database (19)","England","Country","E92000001","Girls","All other pupils","All state-funded schools","All state-funded schools","All state-funded schools","All state-funded schools","0.15","160911","0.15","0.16","",""
"Average Progress 8 score","2016/17","2017","Academic year","White - Irish","Ethnicities used by the National Pupil Database (19)","England","Country","E92000001","Girls","All other pupils","All state-funded schools","All state-funded schools","All state-funded schools","All state-funded schools","0.39","655","0.30","0.48","",""
"Average Progress 8 score","2016/17","2017","Academic year","White - Irish Traveller","Ethnicities used by the National Pupil Database (19)","England","Country","E92000001","Girls","All other pupils","All state-funded schools","All state-funded schools","All state-funded schools","All state-funded schools","-0.58","24","-1.08","-0.09","",""
"Average Progress 8 score","2016/17","2017","Academic year","White - Gypsy/Roma","Ethnicities used by the National Pupil Database (19)","England","Country","E92000001","Girls","All other pupils","All state-funded schools","All state-funded schools","All state-funded schools","All state-funded schools","-0.61","204","-0.78","-0.44","",""
"Average Progress 8 score","2016/17","2017","Academic year","White - Any other","Ethnicities used by the National Pupil Database (19)","England","Country","E92000001","Girls","All other pupils","All state-funded schools","All state-funded schools","All state-funded schools","All state-funded schools","0.78","7918","0.75","0.81","",""
"Average Progress 8 score","2016/17","2017","Academic year","Mixed","White/Asian/Black/Mixed/Chinese","England","Country","E92000001","Girls","All other pupils","All state-funded schools","All state-funded schools","All state-funded schools","All state-funded schools","0.29","8867","0.27","0.32","",""
"Average Progress 8 score","2016/17","2017","Academic year","Mixed - White and Black - Caribbean","Ethnicities used by the National Pupil Database (19)","England","Country","E92000001","Girls","All other pupils","All state-funded schools","All state-funded schools","All state-funded schools","All state-funded schools","0.02","2683","-0.02","0.07","",""
"Average Progress 8 score","2016/17","2017","Academic year","Mixed - White and Black - African","Ethnicities used by the National Pupil Database (19)","England","Country","E92000001","Girls","All other pupils","All state-funded schools","All state-funded schools","All state-funded schools","All state-funded schools","0.35","972","0.27","0.42","",""
"Average Progress 8 score","2016/17","2017","Academic year","Mixed - White and Asian","Ethnicities used by the National Pupil Database (19)","England","Country","E92000001","Girls","All other pupils","All state-funded schools","All state-funded schools","All state-funded schools","All state-funded schools","0.44","2049","0.39","0.49","",""
"Average Progress 8 score","2016/17","2017","Academic year","Mixed - Any other ","Ethnicities used by the National Pupil Database (19)","England","Country","E92000001","Girls","All other pupils","All state-funded schools","All state-funded schools","All state-funded schools","All state-funded schools","0.40","3163","0.36","0.45","",""
"Average Progress 8 score","2016/17","2017","Academic year","Asian","White/Asian/Black/Mixed/Chinese","England","Country","E92000001","Girls","All other pupils","All state-funded schools","All state-funded schools","All state-funded schools","All state-funded schools","0.72","19262","0.70","0.74","",""
"Average Progress 8 score","2016/17","2017","Academic year","Asian - Indian","Ethnicities used by the National Pupil Database (19)","England","Country","E92000001","Girls","All other pupils","All state-funded schools","All state-funded schools","All state-funded schools","All state-funded schools","0.91","5435","0.88","0.94","",""
"Average Progress 8 score","2016/17","2017","Academic year","Asian - Pakistani","Ethnicities used by the National Pupil Database (19)","England","Country","E92000001","Girls","All other pupils","All state-funded schools","All state-funded schools","All state-funded schools","All state-funded schools","0.52","7690","0.49","0.54","",""
"Average Progress 8 score","2016/17","2017","Academic year","Asian - Bangladeshi","Ethnicities used by the National Pupil Database (19)","England","Country","E92000001","Girls","All other pupils","All state-funded schools","All state-funded schools","All state-funded schools","All state-funded schools","0.74","3032","0.69","0.78","",""
"Average Progress 8 score","2016/17","2017","Academic year","Asian - Any other","Ethnicities used by the National Pupil Database (19)","England","Country","E92000001","Girls","All other pupils","All state-funded schools","All state-funded schools","All state-funded schools","All state-funded schools","0.87","3105","0.83","0.92","",""
"Average Progress 8 score","2016/17","2017","Academic year","Black","White/Asian/Black/Mixed/Chinese","England","Country","E92000001","Girls","All other pupils","All state-funded schools","All state-funded schools","All state-funded schools","All state-funded schools","0.42","9442","0.40","0.45","",""
"Average Progress 8 score","2016/17","2017","Academic year","Black - Caribbean","Ethnicities used by the National Pupil Database (19)","England","Country","E92000001","Girls","All other pupils","All state-funded schools","All state-funded schools","All state-funded schools","All state-funded schools","0.06","2649","0.02","0.11","",""
"Average Progress 8 score","2016/17","2017","Academic year","Black - African","Ethnicities used by the National Pupil Database (19)","England","Country","E92000001","Girls","All other pupils","All state-funded schools","All state-funded schools","All state-funded schools","All state-funded schools","0.60","5724","0.57","0.64","",""
"Average Progress 8 score","2016/17","2017","Academic year","Black - Any other ","Ethnicities used by the National Pupil Database (19)","England","Country","E92000001","Girls","All other pupils","All state-funded schools","All state-funded schools","All state-funded schools","All state-funded schools","0.34","1069","0.26","0.41","",""
"Average Progress 8 score","2016/17","2017","Academic year","Chinese","White/Asian/Black/Mixed/Chinese","England","Country","E92000001","Girls","All other pupils","All state-funded schools","All state-funded schools","All state-funded schools","All state-funded schools","1.04","759","0.95","1.13","",""
"Average Progress 8 score","2016/17","2017","Academic year","Other - Any other","Ethnicities used by the National Pupil Database (19)","England","Country","E92000001","Girls","All other pupils","All state-funded schools","All state-funded schools","All state-funded schools","All state-funded schools","0.87","2344","0.82","0.92","",""
"Average Progress 8 score","2016/17","2017","Academic year","Unclassified","Ethnicities used by the National Pupil Database (19)","England","Country","E92000001","Girls","All other pupils","All state-funded schools","All state-funded schools","All state-funded schools","All state-funded schools","-0.14","2407","-0.18","-0.09","",""
"Average Progress 8 score","2016/17","2017","Academic year","All pupils","All pupils","England","Country","E92000001","Girls","All other pupils","All state-funded schools","All state-funded schools","All state-funded schools","All state-funded schools","0.25","212793","0.25","0.26","",""
"Average Progress 8 score","2016/17","2017","Academic year","White","White/Asian/Black/Mixed/Chinese","England","Country","E92000001","Boys","Pupils eligible for free school meals","All state-funded schools","All state-funded schools","All state-funded schools","All state-funded schools","-0.89","23125","-0.90","-0.87","",""
"Average Progress 8 score","2016/17","2017","Academic year","White - British","Ethnicities used by the National Pupil Database (19)","England","Country","E92000001","Boys","Pupils eligible for free school meals","All state-funded schools","All state-funded schools","All state-funded schools","All state-funded schools","-0.92","21934","-0.93","-0.90","",""
"Average Progress 8 score","2016/17","2017","Academic year","White - Irish","Ethnicities used by the National Pupil Database (19)","England","Country","E92000001","Boys","Pupils eligible for free school meals","All state-funded schools","All state-funded schools","All state-funded schools","All state-funded schools","-0.77","80","-1.03","-0.50","",""
"Average Progress 8 score","2016/17","2017","Academic year","White - Irish Traveller","Ethnicities used by the National Pupil Database (19)","England","Country","E92000001","Boys","Pupils eligible for free school meals","All state-funded schools","All state-funded schools","All state-funded schools","All state-funded schools","-1.51","26","-1.98","-1.04","",""
"Average Progress 8 score","2016/17","2017","Academic year","White - Gypsy/Roma","Ethnicities used by the National Pupil Database (19)","England","Country","E92000001","Boys","Pupils eligible for free school meals","All state-funded schools","All state-funded schools","All state-funded schools","All state-funded schools","-0.95","135","-1.16","-0.75","",""
"Average Progress 8 score","2016/17","2017","Academic year","White - Any other","Ethnicities used by the National Pupil Database (19)","England","Country","E92000001","Boys","Pupils eligible for free school meals","All state-funded schools","All state-funded schools","All state-funded schools","All state-funded schools","-0.15","950","-0.23","-0.08","",""
"Average Progress 8 score","2016/17","2017","Academic year","Mixed","White/Asian/Black/Mixed/Chinese","England","Country","E92000001","Boys","Pupils eligible for free school meals","All state-funded schools","All state-funded schools","All state-funded schools","All state-funded schools","-0.63","2035","-0.69","-0.58","",""
"Average Progress 8 score","2016/17","2017","Academic year","Mixed - White and Black - Caribbean","Ethnicities used by the National Pupil Database (19)","England","Country","E92000001","Boys","Pupils eligible for free school meals","All state-funded schools","All state-funded schools","All state-funded schools","All state-funded schools","-0.95","770","-1.04","-0.87","",""
"Average Progress 8 score","2016/17","2017","Academic year","Mixed - White and Black - African","Ethnicities used by the National Pupil Database (19)","England","Country","E92000001","Boys","Pupils eligible for free school meals","All state-funded schools","All state-funded schools","All state-funded schools","All state-funded schools","-0.44","237","-0.59","-0.28","",""
"Average Progress 8 score","2016/17","2017","Academic year","Mixed - White and Asian","Ethnicities used by the National Pupil Database (19)","England","Country","E92000001","Boys","Pupils eligible for free school meals","All state-funded schools","All state-funded schools","All state-funded schools","All state-funded schools","-0.50","361","-0.62","-0.37","",""
"Average Progress 8 score","2016/17","2017","Academic year","Mixed - Any other ","Ethnicities used by the National Pupil Database (19)","England","Country","E92000001","Boys","Pupils eligible for free school meals","All state-funded schools","All state-funded schools","All state-funded schools","All state-funded schools","-0.41","667","-0.50","-0.32","",""
"Average Progress 8 score","2016/17","2017","Academic year","Asian","White/Asian/Black/Mixed/Chinese","England","Country","E92000001","Boys","Pupils eligible for free school meals","All state-funded schools","All state-funded schools","All state-funded schools","All state-funded schools","-0.01","4064","-0.05","0.03","",""
"Average Progress 8 score","2016/17","2017","Academic year","Asian - Indian","Ethnicities used by the National Pupil Database (19)","England","Country","E92000001","Boys","Pupils eligible for free school meals","All state-funded schools","All state-funded schools","All state-funded schools","All state-funded schools","0.08","470","-0.03","0.19","",""
"Average Progress 8 score","2016/17","2017","Academic year","Asian - Pakistani","Ethnicities used by the National Pupil Database (19)","England","Country","E92000001","Boys","Pupils eligible for free school meals","All state-funded schools","All state-funded schools","All state-funded schools","All state-funded schools","-0.15","1999","-0.20","-0.09","",""
"Average Progress 8 score","2016/17","2017","Academic year","Asian - Bangladeshi","Ethnicities used by the National Pupil Database (19)","England","Country","E92000001","Boys","Pupils eligible for free school meals","All state-funded schools","All state-funded schools","All state-funded schools","All state-funded schools","0.11","1135","0.03","0.18","",""
"Average Progress 8 score","2016/17","2017","Academic year","Asian - Any other","Ethnicities used by the National Pupil Database (19)","England","Country","E92000001","Boys","Pupils eligible for free school meals","All state-funded schools","All state-funded schools","All state-funded schools","All state-funded schools","0.22","460","0.11","0.34","",""
"Average Progress 8 score","2016/17","2017","Academic year","Black","White/Asian/Black/Mixed/Chinese","England","Country","E92000001","Boys","Pupils eligible for free school meals","All state-funded schools","All state-funded schools","All state-funded schools","All state-funded schools","-0.28","2644","-0.32","-0.23","",""
"Average Progress 8 score","2016/17","2017","Academic year","Black - Caribbean","Ethnicities used by the National Pupil Database (19)","England","Country","E92000001","Boys","Pupils eligible for free school meals","All state-funded schools","All state-funded schools","All state-funded schools","All state-funded schools","-0.72","768","-0.81","-0.63","",""
"Average Progress 8 score","2016/17","2017","Academic year","Black - African","Ethnicities used by the National Pupil Database (19)","England","Country","E92000001","Boys","Pupils eligible for free school meals","All state-funded schools","All state-funded schools","All state-funded schools","All state-funded schools","-0.02","1565","-0.08","0.05","",""
"Average Progress 8 score","2016/17","2017","Academic year","Black - Any other ","Ethnicities used by the National Pupil Database (19)","England","Country","E92000001","Boys","Pupils eligible for free school meals","All state-funded schools","All state-funded schools","All state-funded schools","All state-funded schools","-0.48","311","-0.62","-0.35","",""
"Average Progress 8 score","2016/17","2017","Academic year","Chinese","White/Asian/Black/Mixed/Chinese","England","Country","E92000001","Boys","Pupils eligible for free school meals","All state-funded schools","All state-funded schools","All state-funded schools","All state-funded schools","0.79","65","0.49","1.09","",""
"Average Progress 8 score","2016/17","2017","Academic year","Other - Any other","Ethnicities used by the National Pupil Database (19)","England","Country","E92000001","Boys","Pupils eligible for free school meals","All state-funded schools","All state-funded schools","All state-funded schools","All state-funded schools","0.17","821","0.09","0.26","",""
"Average Progress 8 score","2016/17","2017","Academic year","Unclassified","Ethnicities used by the National Pupil Database (19)","England","Country","E92000001","Boys","Pupils eligible for free school meals","All state-funded schools","All state-funded schools","All state-funded schools","All state-funded schools","-0.90","447","-1.01","-0.79","",""
"Average Progress 8 score","2016/17","2017","Academic year","All pupils","All pupils","England","Country","E92000001","Boys","Pupils eligible for free school meals","All state-funded schools","All state-funded schools","All state-funded schools","All state-funded schools","-0.56","432","-0.67","-0.44","",""
"Average Progress 8 score","2016/17","2017","Academic year","White","White/Asian/Black/Mixed/Chinese","England","Country","E92000001","Girls","Pupils eligible for free school meals","All state-funded schools","All state-funded schools","All state-funded schools","All state-funded schools","-0.49","22660","-0.51","-0.48","",""
"Average Progress 8 score","2016/17","2017","Academic year","White - British","Ethnicities used by the National Pupil Database (19)","England","Country","E92000001","Girls","Pupils eligible for free school meals","All state-funded schools","All state-funded schools","All state-funded schools","All state-funded schools","-0.53","21459","-0.54","-0.51","",""
"Average Progress 8 score","2016/17","2017","Academic year","White - Irish","Ethnicities used by the National Pupil Database (19)","England","Country","E92000001","Girls","Pupils eligible for free school meals","All state-funded schools","All state-funded schools","All state-funded schools","All state-funded schools","-0.67","89","-0.92","-0.41","",""
"Average Progress 8 score","2016/17","2017","Academic year","White - Irish Traveller","Ethnicities used by the National Pupil Database (19)","England","Country","E92000001","Girls","Pupils eligible for free school meals","All state-funded schools","All state-funded schools","All state-funded schools","All state-funded schools","-1.11","37","-1.51","-0.72","",""
"Average Progress 8 score","2016/17","2017","Academic year","White - Gypsy/Roma","Ethnicities used by the National Pupil Database (19)","England","Country","E92000001","Girls","Pupils eligible for free school meals","All state-funded schools","All state-funded schools","All state-funded schools","All state-funded schools","-0.83","141","-1.03","-0.62","",""
"Average Progress 8 score","2016/17","2017","Academic year","White - Any other","Ethnicities used by the National Pupil Database (19)","England","Country","E92000001","Girls","Pupils eligible for free school meals","All state-funded schools","All state-funded schools","All state-funded schools","All state-funded schools","0.38","934","0.31","0.46","",""
"Average Progress 8 score","2016/17","2017","Academic year","Mixed","White/Asian/Black/Mixed/Chinese","England","Country","E92000001","Girls","Pupils eligible for free school meals","All state-funded schools","All state-funded schools","All state-funded schools","All state-funded schools","-0.23","2074","-0.28","-0.17","",""
"Average Progress 8 score","2016/17","2017","Academic year","Mixed - White and Black - Caribbean","Ethnicities used by the National Pupil Database (19)","England","Country","E92000001","Girls","Pupils eligible for free school meals","All state-funded schools","All state-funded schools","All state-funded schools","All state-funded schools","-0.49","810","-0.58","-0.41","",""
"Average Progress 8 score","2016/17","2017","Academic year","Mixed - White and Black - African","Ethnicities used by the National Pupil Database (19)","England","Country","E92000001","Girls","Pupils eligible for free school meals","All state-funded schools","All state-funded schools","All state-funded schools","All state-funded schools","0.17","269","0.02","0.32","",""
"Average Progress 8 score","2016/17","2017","Academic year","Mixed - White and Asian","Ethnicities used by the National Pupil Database (19)","England","Country","E92000001","Girls","Pupils eligible for free school meals","All state-funded schools","All state-funded schools","All state-funded schools","All state-funded schools","-0.29","332","-0.42","-0.16","",""
"Average Progress 8 score","2016/17","2017","Academic year","Mixed - Any other ","Ethnicities used by the National Pupil Database (19)","England","Country","E92000001","Girls","Pupils eligible for free school meals","All state-funded schools","All state-funded schools","All state-funded schools","All state-funded schools","-0.03","663","-0.13","0.06","",""
"Average Progress 8 score","2016/17","2017","Academic year","Asian","White/Asian/Black/Mixed/Chinese","England","Country","E92000001","Girls","Pupils eligible for free school meals","All state-funded schools","All state-funded schools","All state-funded schools","All state-funded schools","0.44","4170","0.40","0.48","",""
"Average Progress 8 score","2016/17","2017","Academic year","Asian - Indian","Ethnicities used by the National Pupil Database (19)","England","Country","E92000001","Girls","Pupils eligible for free school meals","All state-funded schools","All state-funded schools","All state-funded schools","All state-funded schools","0.56","498","0.45","0.66","",""
"Average Progress 8 score","2016/17","2017","Academic year","Asian - Pakistani","Ethnicities used by the National Pupil Database (19)","England","Country","E92000001","Girls","Pupils eligible for free school meals","All state-funded schools","All state-funded schools","All state-funded schools","All state-funded schools","0.30","2075","0.24","0.35","",""
"Average Progress 8 score","2016/17","2017","Academic year","Asian - Bangladeshi","Ethnicities used by the National Pupil Database (19)","England","Country","E92000001","Girls","Pupils eligible for free school meals","All state-funded schools","All state-funded schools","All state-funded schools","All state-funded schools","0.60","1199","0.53","0.67","",""
"Average Progress 8 score","2016/17","2017","Academic year","Asian - Any other","Ethnicities used by the National Pupil Database (19)","England","Country","E92000001","Girls","Pupils eligible for free school meals","All state-funded schools","All state-funded schools","All state-funded schools","All state-funded schools","0.56","398","0.44","0.68","",""
"Average Progress 8 score","2016/17","2017","Academic year","Black","White/Asian/Black/Mixed/Chinese","England","Country","E92000001","Girls","Pupils eligible for free school meals","All state-funded schools","All state-funded schools","All state-funded schools","All state-funded schools","0.23","2736","0.18","0.27","",""
"Average Progress 8 score","2016/17","2017","Academic year","Black - Caribbean","Ethnicities used by the National Pupil Database (19)","England","Country","E92000001","Girls","Pupils eligible for free school meals","All state-funded schools","All state-funded schools","All state-funded schools","All state-funded schools","-0.25","752","-0.34","-0.16","",""
"Average Progress 8 score","2016/17","2017","Academic year","Black - African","Ethnicities used by the National Pupil Database (19)","England","Country","E92000001","Girls","Pupils eligible for free school meals","All state-funded schools","All state-funded schools","All state-funded schools","All state-funded schools","0.50","1669","0.44","0.56","",""
"Average Progress 8 score","2016/17","2017","Academic year","Black - Any other ","Ethnicities used by the National Pupil Database (19)","England","Country","E92000001","Girls","Pupils eligible for free school meals","All state-funded schools","All state-funded schools","All state-funded schools","All state-funded schools","-0.05","315","-0.19","0.08","",""
"Average Progress 8 score","2016/17","2017","Academic year","Chinese","White/Asian/Black/Mixed/Chinese","England","Country","E92000001","Girls","Pupils eligible for free school meals","All state-funded schools","All state-funded schools","All state-funded schools","All state-funded schools","0.95","59","0.63","1.26","",""
"Average Progress 8 score","2016/17","2017","Academic year","Other - Any other","Ethnicities used by the National Pupil Database (19)","England","Country","E92000001","Girls","Pupils eligible for free school meals","All state-funded schools","All state-funded schools","All state-funded schools","All state-funded schools","0.57","790","0.49","0.66","",""
"Average Progress 8 score","2016/17","2017","Academic year","Unclassified","Ethnicities used by the National Pupil Database (19)","England","Country","E92000001","Girls","Pupils eligible for free school meals","All state-funded schools","All state-funded schools","All state-funded schools","All state-funded schools","-0.56","432","-0.67","-0.44","",""
"Average Progress 8 score","2016/17","2017","Academic year","All pupils","All pupils","England","Country","E92000001","Girls","Pupils eligible for free school meals","All state-funded schools","All state-funded schools","All state-funded schools","All state-funded schools","-0.27","32921","-0.28","-0.26","",""
"Average Progress 8 score","2016/17","2017","Academic year","White","White/Asian/Black/Mixed/Chinese","England","Country","E92000001","All pupils","All pupils","Selective schools","All state-funded schools","All state-funded schools","All state-funded schools","0.32","14456","0.30","0.34","",""
"Average Progress 8 score","2016/17","2017","Academic year","Mixed","White/Asian/Black/Mixed/Chinese","England","Country","E92000001","All pupils","All pupils","Selective schools","All state-funded schools","All state-funded schools","All state-funded schools","0.51","1103","0.43","0.58","",""
"Average Progress 8 score","2016/17","2017","Academic year","Asian","White/Asian/Black/Mixed/Chinese","England","Country","E92000001","All pupils","All pupils","Selective schools","All state-funded schools","All state-funded schools","All state-funded schools","0.87","3476","0.83","0.91","",""
"Average Progress 8 score","2016/17","2017","Academic year","Black","White/Asian/Black/Mixed/Chinese","England","Country","E92000001","All pupils","All pupils","Selective schools","All state-funded schools","All state-funded schools","All state-funded schools","0.73","759","0.64","0.82","",""
"Average Progress 8 score","2016/17","2017","Academic year","Chinese","White/Asian/Black/Mixed/Chinese","England","Country","E92000001","All pupils","All pupils","Selective schools","All state-funded schools","All state-funded schools","All state-funded schools","0.87","346","0.74","1.00","",""
"Average Progress 8 score","2016/17","2017","Academic year","White","White/Asian/Black/Mixed/Chinese","England","Country","E92000001","Boys","All pupils","Selective schools","All state-funded schools","All state-funded schools","All state-funded schools","0.13","7136","0.10","0.15","",""
"Average Progress 8 score","2016/17","2017","Academic year","Mixed","White/Asian/Black/Mixed/Chinese","England","Country","E92000001","Boys","All pupils","Selective schools","All state-funded schools","All state-funded schools","All state-funded schools","0.34","547","0.24","0.45","",""
"Average Progress 8 score","2016/17","2017","Academic year","Asian","White/Asian/Black/Mixed/Chinese","England","Country","E92000001","Boys","All pupils","Selective schools","All state-funded schools","All state-funded schools","All state-funded schools","0.76","1826","0.70","0.82","",""
"Average Progress 8 score","2016/17","2017","Academic year","Black","White/Asian/Black/Mixed/Chinese","England","Country","E92000001","Boys","All pupils","Selective schools","All state-funded schools","All state-funded schools","All state-funded schools","0.65","344","0.52","0.78","",""
"Average Progress 8 score","2016/17","2017","Academic year","Chinese","White/Asian/Black/Mixed/Chinese","England","Country","E92000001","Boys","All pupils","Selective schools","All state-funded schools","All state-funded schools","All state-funded schools","0.78","190","0.61","0.96","",""
"Average Progress 8 score","2016/17","2017","Academic year","White","White/Asian/Black/Mixed/Chinese","England","Country","E92000001","Girls","All pupils","Selective schools","All state-funded schools","All state-funded schools","All state-funded schools","0.50","7320","0.47","0.53","",""
"Average Progress 8 score","2016/17","2017","Academic year","Mixed","White/Asian/Black/Mixed/Chinese","England","Country","E92000001","Girls","All pupils","Selective schools","All state-funded schools","All state-funded schools","All state-funded schools","0.67","556","0.57","0.77","",""
"Average Progress 8 score","2016/17","2017","Academic year","Asian","White/Asian/Black/Mixed/Chinese","England","Country","E92000001","Girls","All pupils","Selective schools","All state-funded schools","All state-funded schools","All state-funded schools","0.99","1650","0.93","1.05","",""
"Average Progress 8 score","2016/17","2017","Academic year","Black","White/Asian/Black/Mixed/Chinese","England","Country","E92000001","Girls","All pupils","Selective schools","All state-funded schools","All state-funded schools","All state-funded schools","0.80","415","0.68","0.92","",""
"Average Progress 8 score","2016/17","2017","Academic year","Chinese","White/Asian/Black/Mixed/Chinese","England","Country","E92000001","Girls","All pupils","Selective schools","All state-funded schools","All state-funded schools","All state-funded schools","0.98","156","0.79","1.17","",""
"Average Progress 8 score","2016/17","2017","Academic year","White","White/Asian/Black/Mixed/Chinese","England","Country","E92000001","All pupils","All pupils","Non-selective schools in highly selective areas","All state-funded schools","All state-funded schools","All state-funded schools","-0.20","27453","-0.21","-0.18","",""
"Average Progress 8 score","2016/17","2017","Academic year","Mixed","White/Asian/Black/Mixed/Chinese","England","Country","E92000001","All pupils","All pupils","Non-selective schools in highly selective areas","All state-funded schools","All state-funded schools","All state-funded schools","-0.09","1219","-0.16","-0.02","",""
"Average Progress 8 score","2016/17","2017","Academic year","Asian","White/Asian/Black/Mixed/Chinese","England","Country","E92000001","All pupils","All pupils","Non-selective schools in highly selective areas","All state-funded schools","All state-funded schools","All state-funded schools","0.37","1725","0.31","0.43","",""
"Average Progress 8 score","2016/17","2017","Academic year","Black","White/Asian/Black/Mixed/Chinese","England","Country","E92000001","All pupils","All pupils","Non-selective schools in highly selective areas","All state-funded schools","All state-funded schools","All state-funded schools","0.27","1044","0.20","0.35","",""
"Average Progress 8 score","2016/17","2017","Academic year","Chinese","White/Asian/Black/Mixed/Chinese","England","Country","E92000001","All pupils","All pupils","Non-selective schools in highly selective areas","All state-funded schools","All state-funded schools","All state-funded schools","0.81","80","0.54","1.08","",""
"Average Progress 8 score","2016/17","2017","Academic year","White","White/Asian/Black/Mixed/Chinese","England","Country","E92000001","Boys","All pupils","Non-selective schools in highly selective areas","All state-funded schools","All state-funded schools","All state-funded schools","-0.37","13886","-0.39","-0.35","",""
"Average Progress 8 score","2016/17","2017","Academic year","Mixed","White/Asian/Black/Mixed/Chinese","England","Country","E92000001","Boys","All pupils","Non-selective schools in highly selective areas","All state-funded schools","All state-funded schools","All state-funded schools","-0.33","605","-0.42","-0.23","",""
"Average Progress 8 score","2016/17","2017","Academic year","Asian","White/Asian/Black/Mixed/Chinese","England","Country","E92000001","Boys","All pupils","Non-selective schools in highly selective areas","All state-funded schools","All state-funded schools","All state-funded schools","0.16","893","0.08","0.24","",""
"Average Progress 8 score","2016/17","2017","Academic year","Black","White/Asian/Black/Mixed/Chinese","England","Country","E92000001","Boys","All pupils","Non-selective schools in highly selective areas","All state-funded schools","All state-funded schools","All state-funded schools","0.04","530","-0.06","0.15","",""
"Average Progress 8 score","2016/17","2017","Academic year","Chinese","White/Asian/Black/Mixed/Chinese","England","Country","E92000001","Boys","All pupils","Non-selective schools in highly selective areas","All state-funded schools","All state-funded schools","All state-funded schools","0.78","48","0.43","1.13","",""
"Average Progress 8 score","2016/17","2017","Academic year","White","White/Asian/Black/Mixed/Chinese","England","Country","E92000001","Girls","All pupils","Non-selective schools in highly selective areas","All state-funded schools","All state-funded schools","All state-funded schools","-0.02","13567","-0.04","0.00","",""
"Average Progress 8 score","2016/17","2017","Academic year","Mixed","White/Asian/Black/Mixed/Chinese","England","Country","E92000001","Girls","All pupils","Non-selective schools in highly selective areas","All state-funded schools","All state-funded schools","All state-funded schools","0.15","614","0.05","0.25","",""
"Average Progress 8 score","2016/17","2017","Academic year","Asian","White/Asian/Black/Mixed/Chinese","England","Country","E92000001","Girls","All pupils","Non-selective schools in highly selective areas","All state-funded schools","All state-funded schools","All state-funded schools","0.59","832","0.51","0.68","",""
"Average Progress 8 score","2016/17","2017","Academic year","Black","White/Asian/Black/Mixed/Chinese","England","Country","E92000001","Girls","All pupils","Non-selective schools in highly selective areas","All state-funded schools","All state-funded schools","All state-funded schools","0.50","514","0.40","0.61","",""
"Average Progress 8 score","2016/17","2017","Academic year","Chinese","White/Asian/Black/Mixed/Chinese","England","Country","E92000001","Girls","All pupils","Non-selective schools in highly selective areas","All state-funded schools","All state-funded schools","All state-funded schools","0.85","32","0.43","1.28","",""
"Average Progress 8 score","2016/17","2017","Academic year","White","White/Asian/Black/Mixed/Chinese","England","Country","E92000001","All pupils","All pupils","Non-selective schools in other areas (inc. low selective areas)","All state-funded schools","All state-funded schools","All state-funded schools","-0.09","341505","-0.09","-0.09","",""
"Average Progress 8 score","2016/17","2017","Academic year","Mixed","White/Asian/Black/Mixed/Chinese","England","Country","E92000001","All pupils","All pupils","Non-selective schools in other areas (inc. low selective areas)","All state-funded schools","All state-funded schools","All state-funded schools","-0.01","19078","-0.02","0.01","",""
"Average Progress 8 score","2016/17","2017","Academic year","Asian","White/Asian/Black/Mixed/Chinese","England","Country","E92000001","All pupils","All pupils","Non-selective schools in other areas (inc. low selective areas)","All state-funded schools","All state-funded schools","All state-funded schools","0.47","41898","0.46","0.48","",""
"Average Progress 8 score","2016/17","2017","Academic year","Black","White/Asian/Black/Mixed/Chinese","England","Country","E92000001","All pupils","All pupils","Non-selective schools in other areas (inc. low selective areas)","All state-funded schools","All state-funded schools","All state-funded schools","0.17","21899","0.16","0.19","",""
"Average Progress 8 score","2016/17","2017","Academic year","Chinese","White/Asian/Black/Mixed/Chinese","England","Country","E92000001","All pupils","All pupils","Non-selective schools in other areas (inc. low selective areas)","All state-funded schools","All state-funded schools","All state-funded schools","0.99","1236","0.92","1.05","",""
"Average Progress 8 score","2016/17","2017","Academic year","White","White/Asian/Black/Mixed/Chinese","England","Country","E92000001","Boys","All pupils","Non-selective schools in other areas (inc. low selective areas)","All state-funded schools","All state-funded schools","All state-funded schools","-0.29","172072","-0.30","-0.28","",""
"Average Progress 8 score","2016/17","2017","Academic year","Mixed","White/Asian/Black/Mixed/Chinese","England","Country","E92000001","Boys","All pupils","Non-selective schools in other areas (inc. low selective areas)","All state-funded schools","All state-funded schools","All state-funded schools","-0.21","9434","-0.23","-0.18","",""
"Average Progress 8 score","2016/17","2017","Academic year","Asian","White/Asian/Black/Mixed/Chinese","England","Country","E92000001","Boys","All pupils","Non-selective schools in other areas (inc. low selective areas)","All state-funded schools","All state-funded schools","All state-funded schools","0.27","21191","0.26","0.29","",""
"Average Progress 8 score","2016/17","2017","Academic year","Black","White/Asian/Black/Mixed/Chinese","England","Country","E92000001","Boys","All pupils","Non-selective schools in other areas (inc. low selective areas)","All state-funded schools","All state-funded schools","All state-funded schools","-0.04","10781","-0.06","-0.02","",""
"Average Progress 8 score","2016/17","2017","Academic year","Chinese","White/Asian/Black/Mixed/Chinese","England","Country","E92000001","Boys","All pupils","Non-selective schools in other areas (inc. low selective areas)","All state-funded schools","All state-funded schools","All state-funded schools","0.89","613","0.79","0.98","",""
"Average Progress 8 score","2016/17","2017","Academic year","White","White/Asian/Black/Mixed/Chinese","England","Country","E92000001","Girls","All pupils","Non-selective schools in other areas (inc. low selective areas)","All state-funded schools","All state-funded schools","All state-funded schools","0.11","169433","0.11","0.12","",""
"Average Progress 8 score","2016/17","2017","Academic year","Mixed","White/Asian/Black/Mixed/Chinese","England","Country","E92000001","Girls","All pupils","Non-selective schools in other areas (inc. low selective areas)","All state-funded schools","All state-funded schools","All state-funded schools","0.19","9644","0.17","0.22","",""
"Average Progress 8 score","2016/17","2017","Academic year","Asian","White/Asian/Black/Mixed/Chinese","England","Country","E92000001","Girls","All pupils","Non-selective schools in other areas (inc. low selective areas)","All state-funded schools","All state-funded schools","All state-funded schools","0.67","20707","0.66","0.69","",""
"Average Progress 8 score","2016/17","2017","Academic year","Black","White/Asian/Black/Mixed/Chinese","England","Country","E92000001","Girls","All pupils","Non-selective schools in other areas (inc. low selective areas)","All state-funded schools","All state-funded schools","All state-funded schools","0.38","11118","0.36","0.40","",""
"Average Progress 8 score","2016/17","2017","Academic year","Chinese","White/Asian/Black/Mixed/Chinese","England","Country","E92000001","Girls","All pupils","Non-selective schools in other areas (inc. low selective areas)","All state-funded schools","All state-funded schools","All state-funded schools","1.08","623","0.99","1.18","",""
"Average Progress 8 score","2016/17","2017","Academic year","White","White/Asian/Black/Mixed/Chinese","England","Country","E92000001","All pupils","All pupils","All state-funded mainstream schools","All state-funded schools","All state-funded schools","All state-funded schools","-0.08","383477","-0.09","-0.08","",""
"Average Progress 8 score","2016/17","2017","Academic year","Mixed","White/Asian/Black/Mixed/Chinese","England","Country","E92000001","All pupils","All pupils","All state-funded mainstream schools","All state-funded schools","All state-funded schools","All state-funded schools","0.01","21407","0.00","0.03","",""
"Average Progress 8 score","2016/17","2017","Academic year","Asian","White/Asian/Black/Mixed/Chinese","England","Country","E92000001","All pupils","All pupils","All state-funded mainstream schools","All state-funded schools","All state-funded schools","All state-funded schools","0.50","47104","0.49","0.51","",""
"Average Progress 8 score","2016/17","2017","Academic year","Black","White/Asian/Black/Mixed/Chinese","England","Country","E92000001","All pupils","All pupils","All state-funded mainstream schools","All state-funded schools","All state-funded schools","All state-funded schools","0.19","23707","0.18","0.21","",""
"Average Progress 8 score","2016/17","2017","Academic year","Chinese","White/Asian/Black/Mixed/Chinese","England","Country","E92000001","All pupils","All pupils","All state-funded mainstream schools","All state-funded schools","All state-funded schools","All state-funded schools","0.95","1662","0.89","1.01","",""
"Average Progress 8 score","2016/17","2017","Academic year","White","White/Asian/Black/Mixed/Chinese","England","Country","E92000001","Boys","All pupils","All state-funded mainstream schools","All state-funded schools","All state-funded schools","All state-funded schools","-0.28","193139","-0.29","-0.28","",""
"Average Progress 8 score","2016/17","2017","Academic year","Mixed","White/Asian/Black/Mixed/Chinese","England","Country","E92000001","Boys","All pupils","All state-funded mainstream schools","All state-funded schools","All state-funded schools","All state-funded schools","-0.19","10592","-0.21","-0.17","",""
"Average Progress 8 score","2016/17","2017","Academic year","Asian","White/Asian/Black/Mixed/Chinese","England","Country","E92000001","Boys","All pupils","All state-funded mainstream schools","All state-funded schools","All state-funded schools","All state-funded schools","0.31","23914","0.29","0.32","",""
"Average Progress 8 score","2016/17","2017","Academic year","Black","White/Asian/Black/Mixed/Chinese","England","Country","E92000001","Boys","All pupils","All state-funded mainstream schools","All state-funded schools","All state-funded schools","All state-funded schools","-0.02","11657","-0.04","0.01","",""
"Average Progress 8 score","2016/17","2017","Academic year","Chinese","White/Asian/Black/Mixed/Chinese","England","Country","E92000001","Boys","All pupils","All state-funded mainstream schools","All state-funded schools","All state-funded schools","All state-funded schools","0.86","851","0.77","0.94","",""
"Average Progress 8 score","2016/17","2017","Academic year","White","White/Asian/Black/Mixed/Chinese","England","Country","E92000001","Girls","All pupils","All state-funded mainstream schools","All state-funded schools","All state-funded schools","All state-funded schools","0.12","190338","0.11","0.13","",""
"Average Progress 8 score","2016/17","2017","Academic year","Mixed","White/Asian/Black/Mixed/Chinese","England","Country","E92000001","Girls","All pupils","All state-funded mainstream schools","All state-funded schools","All state-funded schools","All state-funded schools","0.21","10815","0.19","0.24","",""
"Average Progress 8 score","2016/17","2017","Academic year","Asian","White/Asian/Black/Mixed/Chinese","England","Country","E92000001","Girls","All pupils","All state-funded mainstream schools","All state-funded schools","All state-funded schools","All state-funded schools","0.69","23190","0.68","0.71","",""
"Average Progress 8 score","2016/17","2017","Academic year","Black","White/Asian/Black/Mixed/Chinese","England","Country","E92000001","Girls","All pupils","All state-funded mainstream schools","All state-funded schools","All state-funded schools","All state-funded schools","0.40","12050","0.38","0.42","",""
"Average Progress 8 score","2016/17","2017","Academic year","Chinese","White/Asian/Black/Mixed/Chinese","England","Country","E92000001","Girls","All pupils","All state-funded mainstream schools","All state-funded schools","All state-funded schools","All state-funded schools","1.05","811","0.97","1.14","",""
"Average Progress 8 score","2016/17","2017","Academic year","All pupils","All pupils","England","Country","E92000001","All pupils","All pupils","Selective schools","All state-funded schools","All state-funded schools","All state-funded schools","0.45","20559","0.44","0.47","",""
"Average Progress 8 score","2016/17","2017","Academic year","All pupils","All pupils","England","Country","E92000001","Boys","All pupils","Selective schools","All state-funded schools","All state-funded schools","All state-funded schools","0.29","10264","0.27","0.31","",""
"Average Progress 8 score","2016/17","2017","Academic year","All pupils","All pupils","England","Country","E92000001","Girls","All pupils","Selective schools","All state-funded schools","All state-funded schools","All state-funded schools","0.61","10295","0.59","0.64","",""
"Average Progress 8 score","2016/17","2017","Academic year","All pupils","All pupils","England","Country","E92000001","All pupils","All pupils","Non-selective schools in highly selective areas","All state-funded schools","All state-funded schools","All state-funded schools","-0.14","31968","-0.15","-0.13","",""
"Average Progress 8 score","2016/17","2017","Academic year","All pupils","All pupils","England","Country","E92000001","Boys","All pupils","Non-selective schools in highly selective areas","All state-funded schools","All state-funded schools","All state-funded schools","-0.32","16184","-0.34","-0.30","",""
"Average Progress 8 score","2016/17","2017","Academic year","All pupils","All pupils","England","Country","E92000001","Girls","All pupils","Non-selective schools in highly selective areas","All state-funded schools","All state-funded schools","All state-funded schools","0.04","15784","0.03","0.06","",""
"Average Progress 8 score","2016/17","2017","Academic year","All pupils","All pupils","England","Country","E92000001","All pupils","All pupils","Non-selective schools in other areas (inc. low selective areas)","All state-funded schools","All state-funded schools","All state-funded schools","-0.01","436165","-0.01","0.00","",""
"Average Progress 8 score","2016/17","2017","Academic year","All pupils","All pupils","England","Country","E92000001","Boys","All pupils","Non-selective schools in other areas (inc. low selective areas)","All state-funded schools","All state-funded schools","All state-funded schools","-0.21","219518","-0.21","-0.20","",""
"Average Progress 8 score","2016/17","2017","Academic year","All pupils","All pupils","England","Country","E92000001","Girls","All pupils","Non-selective schools in other areas (inc. low selective areas)","All state-funded schools","All state-funded schools","All state-funded schools","0.20","216647","0.19","0.20","",""
"Average Progress 8 score","2016/17","2017","Academic year","All pupils","All pupils","England","Country","E92000001","All pupils","All pupils","All state-funded mainstream schools","All state-funded schools","All state-funded schools","All state-funded schools","0.00","489560","0.00","0.00","",""
"Average Progress 8 score","2016/17","2017","Academic year","All pupils","All pupils","England","Country","E92000001","Boys","All pupils","All state-funded mainstream schools","All state-funded schools","All state-funded schools","All state-funded schools","-0.20","246433","-0.20","-0.19","",""
"Average Progress 8 score","2016/17","2017","Academic year","All pupils","All pupils","England","Country","E92000001","Girls","All pupils","All state-funded mainstream schools","All state-funded schools","All state-funded schools","All state-funded schools","0.20","243127","0.20","0.21","",""
"Average Progress 8 score","2016/17","2017","Academic year","White","White/Asian/Black/Mixed/Chinese","England","Country","E92000001","All pupils","All pupils","All state-funded schools","All state-funded mainstream schools","All state-funded schools","All state-funded schools","-0.08","383477","-0.09","-0.08","",""
"Average Progress 8 score","2016/17","2017","Academic year","Mixed","White/Asian/Black/Mixed/Chinese","England","Country","E92000001","All pupils","All pupils","All state-funded schools","All state-funded mainstream schools","All state-funded schools","All state-funded schools","0.01","21407","0.00","0.03","",""
"Average Progress 8 score","2016/17","2017","Academic year","Asian","White/Asian/Black/Mixed/Chinese","England","Country","E92000001","All pupils","All pupils","All state-funded schools","All state-funded mainstream schools","All state-funded schools","All state-funded schools","0.50","47104","0.49","0.51","",""
"Average Progress 8 score","2016/17","2017","Academic year","Black","White/Asian/Black/Mixed/Chinese","England","Country","E92000001","All pupils","All pupils","All state-funded schools","All state-funded mainstream schools","All state-funded schools","All state-funded schools","0.19","23707","0.18","0.21","",""
"Average Progress 8 score","2016/17","2017","Academic year","Chinese","White/Asian/Black/Mixed/Chinese","England","Country","E92000001","All pupils","All pupils","All state-funded schools","All state-funded mainstream schools","All state-funded schools","All state-funded schools","0.95","1662","0.89","1.01","",""
"Average Progress 8 score","2016/17","2017","Academic year","White","White/Asian/Black/Mixed/Chinese","England","Country","E92000001","All pupils","All pupils","All state-funded schools","Local authority maintained mainstream schools","All state-funded schools","All state-funded schools","-0.15","124320","-0.15","-0.14","",""
"Average Progress 8 score","2016/17","2017","Academic year","Mixed","White/Asian/Black/Mixed/Chinese","England","Country","E92000001","All pupils","All pupils","All state-funded schools","Local authority maintained mainstream schools","All state-funded schools","All state-funded schools","-0.09","7179","-0.12","-0.06","",""
"Average Progress 8 score","2016/17","2017","Academic year","Asian","White/Asian/Black/Mixed/Chinese","England","Country","E92000001","All pupils","All pupils","All state-funded schools","Local authority maintained mainstream schools","All state-funded schools","All state-funded schools","0.40","17606","0.38","0.42","",""
"Average Progress 8 score","2016/17","2017","Academic year","Black","White/Asian/Black/Mixed/Chinese","England","Country","E92000001","All pupils","All pupils","All state-funded schools","Local authority maintained mainstream schools","All state-funded schools","All state-funded schools","0.12","9172","0.10","0.15","",""
"Average Progress 8 score","2016/17","2017","Academic year","Chinese","White/Asian/Black/Mixed/Chinese","England","Country","E92000001","All pupils","All pupils","All state-funded schools","Local authority maintained mainstream schools","All state-funded schools","All state-funded schools","0.92","483","0.81","1.03","",""
"Average Progress 8 score","2016/17","2017","Academic year","White","White/Asian/Black/Mixed/Chinese","England","Country","E92000001","All pupils","All pupils","All state-funded schools","Academies and free schools","All state-funded schools","All state-funded schools","-0.05","258685","-0.06","-0.05","",""
"Average Progress 8 score","2016/17","2017","Academic year","Mixed","White/Asian/Black/Mixed/Chinese","England","Country","E92000001","All pupils","All pupils","All state-funded schools","Academies and free schools","All state-funded schools","All state-funded schools","0.07","14177","0.05","0.09","",""
"Average Progress 8 score","2016/17","2017","Academic year","Asian","White/Asian/Black/Mixed/Chinese","England","Country","E92000001","All pupils","All pupils","All state-funded schools","Academies and free schools","All state-funded schools","All state-funded schools","0.55","29461","0.54","0.57","",""
"Average Progress 8 score","2016/17","2017","Academic year","Black","White/Asian/Black/Mixed/Chinese","England","Country","E92000001","All pupils","All pupils","All state-funded schools","Academies and free schools","All state-funded schools","All state-funded schools","0.24","14510","0.22","0.26","",""
"Average Progress 8 score","2016/17","2017","Academic year","Chinese","White/Asian/Black/Mixed/Chinese","England","Country","E92000001","All pupils","All pupils","All state-funded schools","Academies and free schools","All state-funded schools","All state-funded schools","0.96","1176","0.89","1.04","",""
"Average Progress 8 score","2016/17","2017","Academic year","White","White/Asian/Black/Mixed/Chinese","England","Country","E92000001","All pupils","All pupils","All state-funded schools","Sponsored academies","All state-funded schools","All state-funded schools","-0.24","61774","-0.25","-0.23","",""
"Average Progress 8 score","2016/17","2017","Academic year","Mixed","White/Asian/Black/Mixed/Chinese","England","Country","E92000001","All pupils","All pupils","All state-funded schools","Sponsored academies","All state-funded schools","All state-funded schools","-0.08","3844","-0.12","-0.04","",""
"Average Progress 8 score","2016/17","2017","Academic year","Asian","White/Asian/Black/Mixed/Chinese","England","Country","E92000001","All pupils","All pupils","All state-funded schools","Sponsored academies","All state-funded schools","All state-funded schools","0.40","7500","0.38","0.43","",""
"Average Progress 8 score","2016/17","2017","Academic year","Black","White/Asian/Black/Mixed/Chinese","England","Country","E92000001","All pupils","All pupils","All state-funded schools","Sponsored academies","All state-funded schools","All state-funded schools","0.24","5101","0.21","0.27","",""
"Average Progress 8 score","2016/17","2017","Academic year","Chinese","White/Asian/Black/Mixed/Chinese","England","Country","E92000001","All pupils","All pupils","All state-funded schools","Sponsored academies","All state-funded schools","All state-funded schools","1.04","211","0.87","1.21","",""
"Average Progress 8 score","2016/17","2017","Academic year","White","White/Asian/Black/Mixed/Chinese","England","Country","E92000001","All pupils","All pupils","All state-funded schools","Converter academies","All state-funded schools","All state-funded schools","0.02","192560","0.01","0.03","",""
"Average Progress 8 score","2016/17","2017","Academic year","Mixed","White/Asian/Black/Mixed/Chinese","England","Country","E92000001","All pupils","All pupils","All state-funded schools","Converter academies","All state-funded schools","All state-funded schools","0.14","10013","0.11","0.16","",""
"Average Progress 8 score","2016/17","2017","Academic year","Asian","White/Asian/Black/Mixed/Chinese","England","Country","E92000001","All pupils","All pupils","All state-funded schools","Converter academies","All state-funded schools","All state-funded schools","0.61","20876","0.59","0.63","",""
"Average Progress 8 score","2016/17","2017","Academic year","Black","White/Asian/Black/Mixed/Chinese","England","Country","E92000001","All pupils","All pupils","All state-funded schools","Converter academies","All state-funded schools","All state-funded schools","0.27","8994","0.24","0.29","",""
"Average Progress 8 score","2016/17","2017","Academic year","Chinese","White/Asian/Black/Mixed/Chinese","England","Country","E92000001","All pupils","All pupils","All state-funded schools","Converter academies","All state-funded schools","All state-funded schools","0.95","955","0.87","1.02","",""
"Average Progress 8 score","2016/17","2017","Academic year","White","White/Asian/Black/Mixed/Chinese","England","Country","E92000001","All pupils","All pupils","All state-funded schools","Free schools","All state-funded schools","All state-funded schools","-0.15","1646","-0.21","-0.09","",""
"Average Progress 8 score","2016/17","2017","Academic year","Mixed","White/Asian/Black/Mixed/Chinese","England","Country","E92000001","All pupils","All pupils","All state-funded schools","Free schools","All state-funded schools","All state-funded schools","0.17","172","-0.02","0.35","",""
"Average Progress 8 score","2016/17","2017","Academic year","Asian","White/Asian/Black/Mixed/Chinese","England","Country","E92000001","All pupils","All pupils","All state-funded schools","Free schools","All state-funded schools","All state-funded schools","0.79","790","0.70","0.88","",""
"Average Progress 8 score","2016/17","2017","Academic year","Black","White/Asian/Black/Mixed/Chinese","England","Country","E92000001","All pupils","All pupils","All state-funded schools","Free schools","All state-funded schools","All state-funded schools","0.09","237","-0.07","0.25","",""
"Average Progress 8 score","2016/17","2017","Academic year","Chinese","White/Asian/Black/Mixed/Chinese","England","Country","E92000001","All pupils","All pupils","All state-funded schools","Free schools","All state-funded schools","All state-funded schools","!","!","!","!","",""
"Average Progress 8 score","2016/17","2017","Academic year","White","White/Asian/Black/Mixed/Chinese","England","Country","E92000001","All pupils","All pupils","All state-funded schools","University technical colleges","All state-funded schools","All state-funded schools","-0.89","1714","-0.95","-0.83","",""
"Average Progress 8 score","2016/17","2017","Academic year","Mixed","White/Asian/Black/Mixed/Chinese","England","Country","E92000001","All pupils","All pupils","All state-funded schools","University technical colleges","All state-funded schools","All state-funded schools","-0.97","108","-1.20","-0.74","",""
"Average Progress 8 score","2016/17","2017","Academic year","Asian","White/Asian/Black/Mixed/Chinese","England","Country","E92000001","All pupils","All pupils","All state-funded schools","University technical colleges","All state-funded schools","All state-funded schools","-0.51","236","-0.67","-0.35","",""
"Average Progress 8 score","2016/17","2017","Academic year","Black","White/Asian/Black/Mixed/Chinese","England","Country","E92000001","All pupils","All pupils","All state-funded schools","University technical colleges","All state-funded schools","All state-funded schools","-0.86","158","-1.05","-0.66","",""
"Average Progress 8 score","2016/17","2017","Academic year","Chinese","White/Asian/Black/Mixed/Chinese","England","Country","E92000001","All pupils","All pupils","All state-funded schools","University technical colleges","All state-funded schools","All state-funded schools","N/A","0","N/A","N/A","",""
"Average Progress 8 score","2016/17","2017","Academic year","White","White/Asian/Black/Mixed/Chinese","England","Country","E92000001","All pupils","All pupils","All state-funded schools","Studio schools","All state-funded schools","All state-funded schools","-0.70","991","-0.78","-0.62","",""
"Average Progress 8 score","2016/17","2017","Academic year","Mixed","White/Asian/Black/Mixed/Chinese","England","Country","E92000001","All pupils","All pupils","All state-funded schools","Studio schools","All state-funded schools","All state-funded schools","-0.94","40","-1.32","-0.56","",""
"Average Progress 8 score","2016/17","2017","Academic year","Asian","White/Asian/Black/Mixed/Chinese","England","Country","E92000001","All pupils","All pupils","All state-funded schools","Studio schools","All state-funded schools","All state-funded schools","-0.05","59","-0.36","0.27","",""
"Average Progress 8 score","2016/17","2017","Academic year","Black","White/Asian/Black/Mixed/Chinese","England","Country","E92000001","All pupils","All pupils","All state-funded schools","Studio schools","All state-funded schools","All state-funded schools","-0.44","20","-0.98","0.10","",""
"Average Progress 8 score","2016/17","2017","Academic year","Chinese","White/Asian/Black/Mixed/Chinese","England","Country","E92000001","All pupils","All pupils","All state-funded schools","Studio schools","All state-funded schools","All state-funded schools","!","!","!","!","",""
"Average Progress 8 score","2016/17","2017","Academic year","White","White/Asian/Black/Mixed/Chinese","England","Country","E92000001","All pupils","All pupils","All state-funded schools","Further education colleges with provision for 14- to 16-year-olds","All state-funded schools","All state-funded schools","-2.63","63","-2.94","-2.33","",""
"Average Progress 8 score","2016/17","2017","Academic year","Mixed","White/Asian/Black/Mixed/Chinese","England","Country","E92000001","All pupils","All pupils","All state-funded schools","Further education colleges with provision for 14- to 16-year-olds","All state-funded schools","All state-funded schools","-3.59","7","-4.50","-2.68","",""
"Average Progress 8 score","2016/17","2017","Academic year","Asian","White/Asian/Black/Mixed/Chinese","England","Country","E92000001","All pupils","All pupils","All state-funded schools","Further education colleges with provision for 14- to 16-year-olds","All state-funded schools","All state-funded schools","-3.13","5","-4.21","-2.06","",""
"Average Progress 8 score","2016/17","2017","Academic year","Black","White/Asian/Black/Mixed/Chinese","England","Country","E92000001","All pupils","All pupils","All state-funded schools","Further education colleges with provision for 14- to 16-year-olds","All state-funded schools","All state-funded schools","-2.21","5","-3.28","-1.13","",""
"Average Progress 8 score","2016/17","2017","Academic year","Chinese","White/Asian/Black/Mixed/Chinese","England","Country","E92000001","All pupils","All pupils","All state-funded schools","Further education colleges with provision for 14- to 16-year-olds","All state-funded schools","All state-funded schools","N/A","0","N/A","N/A","",""
"Average Progress 8 score","2016/17","2017","Academic year","White","White/Asian/Black/Mixed/Chinese","England","Country","E92000001","All pupils","All pupils","All state-funded schools","State-funded special schools","All state-funded schools","All state-funded schools","-1.72","7542","-1.74","-1.69","",""
"Average Progress 8 score","2016/17","2017","Academic year","Mixed","White/Asian/Black/Mixed/Chinese","England","Country","E92000001","All pupils","All pupils","All state-funded schools","State-funded special schools","All state-funded schools","All state-funded schools","-1.61","444","-1.73","-1.50","",""
"Average Progress 8 score","2016/17","2017","Academic year","Asian","White/Asian/Black/Mixed/Chinese","England","Country","E92000001","All pupils","All pupils","All state-funded schools","State-funded special schools","All state-funded schools","All state-funded schools","-1.41","671","-1.50","-1.32","",""
"Average Progress 8 score","2016/17","2017","Academic year","Black","White/Asian/Black/Mixed/Chinese","England","Country","E92000001","All pupils","All pupils","All state-funded schools","State-funded special schools","All state-funded schools","All state-funded schools","-1.55","470","-1.66","-1.44","",""
"Average Progress 8 score","2016/17","2017","Academic year","Chinese","White/Asian/Black/Mixed/Chinese","England","Country","E92000001","All pupils","All pupils","All state-funded schools","State-funded special schools","All state-funded schools","All state-funded schools","-1.47","17","-2.05","-0.89","",""
"Average Progress 8 score","2016/17","2017","Academic year","White","White/Asian/Black/Mixed/Chinese","England","Country","E92000001","All pupils","All pupils","All state-funded schools","All state-funded schools","All state-funded schools","All state-funded schools","-0.11","391019","-0.12","-0.11","",""
"Average Progress 8 score","2016/17","2017","Academic year","Mixed","White/Asian/Black/Mixed/Chinese","England","Country","E92000001","All pupils","All pupils","All state-funded schools","All state-funded schools","All state-funded schools","All state-funded schools","-0.02","21851","-0.04","0.00","",""
"Average Progress 8 score","2016/17","2017","Academic year","Asian","White/Asian/Black/Mixed/Chinese","England","Country","E92000001","All pupils","All pupils","All state-funded schools","All state-funded schools","All state-funded schools","All state-funded schools","0.47","47775","0.46","0.48","",""
"Average Progress 8 score","2016/17","2017","Academic year","Black","White/Asian/Black/Mixed/Chinese","England","Country","E92000001","All pupils","All pupils","All state-funded schools","All state-funded schools","All state-funded schools","All state-funded schools","0.16","24177","0.15","0.18","",""
"Average Progress 8 score","2016/17","2017","Academic year","Chinese","White/Asian/Black/Mixed/Chinese","England","Country","E92000001","All pupils","All pupils","All state-funded schools","All state-funded schools","All state-funded schools","All state-funded schools","0.93","1679","0.87","0.99","",""
"Average Progress 8 score","2016/17","2017","Academic year","All pupils","All pupils","England","Country","E92000001","All pupils","All pupils","All state-funded schools","All state-funded mainstream schools","All state-funded schools","All state-funded schools","0.00","489560","0.00","0.00","",""
"Average Progress 8 score","2016/17","2017","Academic year","All pupils","All pupils","England","Country","E92000001","All pupils","All pupils","All state-funded schools","Local authority maintained mainstream schools","All state-funded schools","All state-funded schools","-0.06","162759","-0.06","-0.05","",""
"Average Progress 8 score","2016/17","2017","Academic year","All pupils","All pupils","England","Country","E92000001","All pupils","All pupils","All state-funded schools","Academies and free schools","All state-funded schools","All state-funded schools","0.03","325410","0.03","0.04","",""
"Average Progress 8 score","2016/17","2017","Academic year","All pupils","All pupils","England","Country","E92000001","All pupils","All pupils","All state-funded schools","Sponsored academies","All state-funded schools","All state-funded schools","-0.12","80479","-0.13","-0.11","",""
"Average Progress 8 score","2016/17","2017","Academic year","All pupils","All pupils","England","Country","E92000001","All pupils","All pupils","All state-funded schools","Converter academies","All state-funded schools","All state-funded schools","0.10","238383","0.09","0.10","",""
"Average Progress 8 score","2016/17","2017","Academic year","All pupils","All pupils","England","Country","E92000001","All pupils","All pupils","All state-funded schools","Free schools","All state-funded schools","All state-funded schools","0.15","2998","0.10","0.19","",""
"Average Progress 8 score","2016/17","2017","Academic year","All pupils","All pupils","England","Country","E92000001","All pupils","All pupils","All state-funded schools","University technical colleges","All state-funded schools","All state-funded schools","-0.86","2386","-0.91","-0.81","",""
"Average Progress 8 score","2016/17","2017","Academic year","All pupils","All pupils","England","Country","E92000001","All pupils","All pupils","All state-funded schools","Studio schools","All state-funded schools","All state-funded schools","-0.68","1164","-0.75","-0.61","",""
"Average Progress 8 score","2016/17","2017","Academic year","All pupils","All pupils","England","Country","E92000001","All pupils","All pupils","All state-funded schools","Further education colleges with provision for 14- to 16-year-olds","All state-funded schools","All state-funded schools","-2.10","868","-2.18","-2.02","",""
"Average Progress 8 score","2016/17","2017","Academic year","All pupils","All pupils","England","Country","E92000001","All pupils","All pupils","All state-funded schools","State-funded special schools","All state-funded schools","All state-funded schools","-1.68","9344","-1.70","-1.65","",""
"Average Progress 8 score","2016/17","2017","Academic year","All pupils","All pupils","England","Country","E92000001","All pupils","All pupils","All state-funded schools","All state-funded schools","All state-funded schools","All state-funded schools","-0.03","498904","-0.03","-0.03","",""
"Average Progress 8 score","2016/17","2017","Academic year","White","White/Asian/Black/Mixed/Chinese","England","Country","E92000001","All pupils","All pupils","All state-funded schools","","No identified SEN","All state-funded schools","-0.02","334042","-0.03","-0.02","",""
"Average Progress 8 score","2016/17","2017","Academic year","White","White/Asian/Black/Mixed/Chinese","England","Country","E92000001","All pupils","All pupils","All state-funded schools","","All SEN","All state-funded schools","-0.64","56967","-0.65","-0.63","",""
"Average Progress 8 score","2016/17","2017","Academic year","White","White/Asian/Black/Mixed/Chinese","England","Country","E92000001","All pupils","All pupils","All state-funded schools","","SEN Support","All state-funded schools","-0.49","41912","-0.50","-0.48","",""
"Average Progress 8 score","2016/17","2017","Academic year","White","White/Asian/Black/Mixed/Chinese","England","Country","E92000001","All pupils","All pupils","All state-funded schools","","SEN with a statement or EHC plan","All state-funded schools","-1.07","15055","-1.09","-1.05","",""
"Average Progress 8 score","2016/17","2017","Academic year","White","White/Asian/Black/Mixed/Chinese","England","Country","E92000001","Boys","All pupils","All state-funded schools","","No identified SEN","All state-funded schools","-0.23","162209","-0.23","-0.22","",""
"Average Progress 8 score","2016/17","2017","Academic year","White","White/Asian/Black/Mixed/Chinese","England","Country","E92000001","Boys","All pupils","All state-funded schools","","All SEN","All state-funded schools","-0.75","36431","-0.76","-0.73","",""
"Average Progress 8 score","2016/17","2017","Academic year","White","White/Asian/Black/Mixed/Chinese","England","Country","E92000001","Boys","All pupils","All state-funded schools","","SEN Support","All state-funded schools","-0.59","25328","-0.61","-0.58","",""
"Average Progress 8 score","2016/17","2017","Academic year","White","White/Asian/Black/Mixed/Chinese","England","Country","E92000001","Boys","All pupils","All state-funded schools","","SEN with a statement or EHC plan","All state-funded schools","-1.10","11103","-1.12","-1.08","",""
"Average Progress 8 score","2016/17","2017","Academic year","White","White/Asian/Black/Mixed/Chinese","England","Country","E92000001","Girls","All pupils","All state-funded schools","","No identified SEN","All state-funded schools","0.17","171833","0.16","0.17","",""
"Average Progress 8 score","2016/17","2017","Academic year","White","White/Asian/Black/Mixed/Chinese","England","Country","E92000001","Girls","All pupils","All state-funded schools","","All SEN","All state-funded schools","-0.46","20536","-0.48","-0.44","",""
"Average Progress 8 score","2016/17","2017","Academic year","White","White/Asian/Black/Mixed/Chinese","England","Country","E92000001","Girls","All pupils","All state-funded schools","","SEN Support","All state-funded schools","-0.33","16584","-0.35","-0.32","",""
"Average Progress 8 score","2016/17","2017","Academic year","White","White/Asian/Black/Mixed/Chinese","England","Country","E92000001","Girls","All pupils","All state-funded schools","","SEN with a statement or EHC plan","All state-funded schools","-0.99","3952","-1.03","-0.95","",""
"Average Progress 8 score","2016/17","2017","Academic year","Mixed","White/Asian/Black/Mixed/Chinese","England","Country","E92000001","All pupils","All pupils","All state-funded schools","","No identified SEN","All state-funded schools","0.09","18555","0.07","0.10","",""
"Average Progress 8 score","2016/17","2017","Academic year","Mixed","White/Asian/Black/Mixed/Chinese","England","Country","E92000001","All pupils","All pupils","All state-funded schools","","All SEN","All state-funded schools","-0.61","3295","-0.65","-0.56","",""
"Average Progress 8 score","2016/17","2017","Academic year","Mixed","White/Asian/Black/Mixed/Chinese","England","Country","E92000001","All pupils","All pupils","All state-funded schools","","SEN Support","All state-funded schools","-0.46","2449","-0.51","-0.41","",""
"Average Progress 8 score","2016/17","2017","Academic year","Mixed","White/Asian/Black/Mixed/Chinese","England","Country","E92000001","All pupils","All pupils","All state-funded schools","","SEN with a statement or EHC plan","All state-funded schools","-1.03","846","-1.11","-0.95","",""
"Average Progress 8 score","2016/17","2017","Academic year","Mixed","White/Asian/Black/Mixed/Chinese","England","Country","E92000001","Boys","All pupils","All state-funded schools","","No identified SEN","All state-funded schools","-0.12","8885","-0.15","-0.10","",""
"Average Progress 8 score","2016/17","2017","Academic year","Mixed","White/Asian/Black/Mixed/Chinese","England","Country","E92000001","Boys","All pupils","All state-funded schools","","All SEN","All state-funded schools","-0.71","2024","-0.77","-0.66","",""
"Average Progress 8 score","2016/17","2017","Academic year","Mixed","White/Asian/Black/Mixed/Chinese","England","Country","E92000001","Boys","All pupils","All state-funded schools","","SEN Support","All state-funded schools","-0.56","1403","-0.63","-0.50","",""
"Average Progress 8 score","2016/17","2017","Academic year","Mixed","White/Asian/Black/Mixed/Chinese","England","Country","E92000001","Boys","All pupils","All state-funded schools","","SEN with a statement or EHC plan","All state-funded schools","-1.05","621","-1.15","-0.96","",""
"Average Progress 8 score","2016/17","2017","Academic year","Mixed","White/Asian/Black/Mixed/Chinese","England","Country","E92000001","Girls","All pupils","All state-funded schools","","No identified SEN","All state-funded schools","0.28","9670","0.25","0.30","",""
"Average Progress 8 score","2016/17","2017","Academic year","Mixed","White/Asian/Black/Mixed/Chinese","England","Country","E92000001","Girls","All pupils","All state-funded schools","","All SEN","All state-funded schools","-0.44","1271","-0.50","-0.37","",""
"Average Progress 8 score","2016/17","2017","Academic year","Mixed","White/Asian/Black/Mixed/Chinese","England","Country","E92000001","Girls","All pupils","All state-funded schools","","SEN Support","All state-funded schools","-0.32","1046","-0.40","-0.25","",""
"Average Progress 8 score","2016/17","2017","Academic year","Mixed","White/Asian/Black/Mixed/Chinese","England","Country","E92000001","Girls","All pupils","All state-funded schools","","SEN with a statement or EHC plan","All state-funded schools","-0.97","225","-1.13","-0.81","",""
"Average Progress 8 score","2016/17","2017","Academic year","Asian","White/Asian/Black/Mixed/Chinese","England","Country","E92000001","All pupils","All pupils","All state-funded schools","","No identified SEN","All state-funded schools","0.55","42476","0.54","0.56","",""
"Average Progress 8 score","2016/17","2017","Academic year","Asian","White/Asian/Black/Mixed/Chinese","England","Country","E92000001","All pupils","All pupils","All state-funded schools","","All SEN","All state-funded schools","-0.19","5295","-0.23","-0.16","",""
"Average Progress 8 score","2016/17","2017","Academic year","Asian","White/Asian/Black/Mixed/Chinese","England","Country","E92000001","All pupils","All pupils","All state-funded schools","","SEN Support","All state-funded schools","0.01","3912","-0.03","0.05","",""
"Average Progress 8 score","2016/17","2017","Academic year","Asian","White/Asian/Black/Mixed/Chinese","England","Country","E92000001","All pupils","All pupils","All state-funded schools","","SEN with a statement or EHC plan","All state-funded schools","-0.77","1383","-0.84","-0.71","",""
"Average Progress 8 score","2016/17","2017","Academic year","Asian","White/Asian/Black/Mixed/Chinese","England","Country","E92000001","Boys","All pupils","All state-funded schools","","No identified SEN","All state-funded schools","0.36","21088","0.34","0.38","",""
"Average Progress 8 score","2016/17","2017","Academic year","Asian","White/Asian/Black/Mixed/Chinese","England","Country","E92000001","Boys","All pupils","All state-funded schools","","All SEN","All state-funded schools","-0.28","3253","-0.32","-0.23","",""
"Average Progress 8 score","2016/17","2017","Academic year","Asian","White/Asian/Black/Mixed/Chinese","England","Country","E92000001","Boys","All pupils","All state-funded schools","","SEN Support","All state-funded schools","-0.09","2337","-0.14","-0.04","",""
"Average Progress 8 score","2016/17","2017","Academic year","Asian","White/Asian/Black/Mixed/Chinese","England","Country","E92000001","Boys","All pupils","All state-funded schools","","SEN with a statement or EHC plan","All state-funded schools","-0.75","916","-0.83","-0.67","",""
"Average Progress 8 score","2016/17","2017","Academic year","Asian","White/Asian/Black/Mixed/Chinese","England","Country","E92000001","Girls","All pupils","All state-funded schools","","No identified SEN","All state-funded schools","0.74","21388","0.72","0.76","",""
"Average Progress 8 score","2016/17","2017","Academic year","Asian","White/Asian/Black/Mixed/Chinese","England","Country","E92000001","Girls","All pupils","All state-funded schools","","All SEN","All state-funded schools","-0.06","2042","-0.11","-0.01","",""
"Average Progress 8 score","2016/17","2017","Academic year","Asian","White/Asian/Black/Mixed/Chinese","England","Country","E92000001","Girls","All pupils","All state-funded schools","","SEN Support","All state-funded schools","0.16","1575","0.10","0.22","",""
"Average Progress 8 score","2016/17","2017","Academic year","Asian","White/Asian/Black/Mixed/Chinese","England","Country","E92000001","Girls","All pupils","All state-funded schools","","SEN with a statement or EHC plan","All state-funded schools","-0.81","467","-0.92","-0.70","",""
"Average Progress 8 score","2016/17","2017","Academic year","Black","White/Asian/Black/Mixed/Chinese","England","Country","E92000001","All pupils","All pupils","All state-funded schools","","No identified SEN","All state-funded schools","0.27","20319","0.26","0.29","",""
"Average Progress 8 score","2016/17","2017","Academic year","Black","White/Asian/Black/Mixed/Chinese","England","Country","E92000001","All pupils","All pupils","All state-funded schools","","All SEN","All state-funded schools","-0.43","3856","-0.47","-0.39","",""
"Average Progress 8 score","2016/17","2017","Academic year","Black","White/Asian/Black/Mixed/Chinese","England","Country","E92000001","All pupils","All pupils","All state-funded schools","","SEN Support","All state-funded schools","-0.27","2884","-0.31","-0.22","",""
"Average Progress 8 score","2016/17","2017","Academic year","Black","White/Asian/Black/Mixed/Chinese","England","Country","E92000001","All pupils","All pupils","All state-funded schools","","SEN with a statement or EHC plan","All state-funded schools","-0.93","972","-1.00","-0.85","",""
"Average Progress 8 score","2016/17","2017","Academic year","Black","White/Asian/Black/Mixed/Chinese","England","Country","E92000001","Boys","All pupils","All state-funded schools","","No identified SEN","All state-funded schools","0.06","9612","0.04","0.09","",""
"Average Progress 8 score","2016/17","2017","Academic year","Black","White/Asian/Black/Mixed/Chinese","England","Country","E92000001","Boys","All pupils","All state-funded schools","","All SEN","All state-funded schools","-0.56","2386","-0.61","-0.51","",""
"Average Progress 8 score","2016/17","2017","Academic year","Black","White/Asian/Black/Mixed/Chinese","England","Country","E92000001","Boys","All pupils","All state-funded schools","","SEN Support","All state-funded schools","-0.39","1667","-0.45","-0.33","",""
"Average Progress 8 score","2016/17","2017","Academic year","Black","White/Asian/Black/Mixed/Chinese","England","Country","E92000001","Boys","All pupils","All state-funded schools","","SEN with a statement or EHC plan","All state-funded schools","-0.96","719","-1.05","-0.87","",""
"Average Progress 8 score","2016/17","2017","Academic year","Black","White/Asian/Black/Mixed/Chinese","England","Country","E92000001","Girls","All pupils","All state-funded schools","","No identified SEN","All state-funded schools","0.46","10707","0.44","0.49","",""
"Average Progress 8 score","2016/17","2017","Academic year","Black","White/Asian/Black/Mixed/Chinese","England","Country","E92000001","Girls","All pupils","All state-funded schools","","All SEN","All state-funded schools","-0.22","1470","-0.28","-0.16","",""
"Average Progress 8 score","2016/17","2017","Academic year","Black","White/Asian/Black/Mixed/Chinese","England","Country","E92000001","Girls","All pupils","All state-funded schools","","SEN Support","All state-funded schools","-0.09","1217","-0.16","-0.02","",""
"Average Progress 8 score","2016/17","2017","Academic year","Black","White/Asian/Black/Mixed/Chinese","England","Country","E92000001","Girls","All pupils","All state-funded schools","","SEN with a statement or EHC plan","All state-funded schools","-0.83","253","-0.98","-0.68","",""
"Average Progress 8 score","2016/17","2017","Academic year","Chinese","White/Asian/Black/Mixed/Chinese","England","Country","E92000001","All pupils","All pupils","All state-funded schools","","No identified SEN","All state-funded schools","0.97","1569","0.91","1.03","",""
"Average Progress 8 score","2016/17","2017","Academic year","Chinese","White/Asian/Black/Mixed/Chinese","England","Country","E92000001","All pupils","All pupils","All state-funded schools","","All SEN","All state-funded schools","0.36","110","0.13","0.59","",""
"Average Progress 8 score","2016/17","2017","Academic year","Chinese","White/Asian/Black/Mixed/Chinese","England","Country","E92000001","All pupils","All pupils","All state-funded schools","","SEN Support","All state-funded schools","0.74","76","0.47","1.02","",""
"Average Progress 8 score","2016/17","2017","Academic year","Chinese","White/Asian/Black/Mixed/Chinese","England","Country","E92000001","All pupils","All pupils","All state-funded schools","","SEN with a statement or EHC plan","All state-funded schools","-0.50","34","-0.92","-0.09","",""
"Average Progress 8 score","2016/17","2017","Academic year","Chinese","White/Asian/Black/Mixed/Chinese","England","Country","E92000001","Boys","All pupils","All state-funded schools","","No identified SEN","All state-funded schools","0.87","793","0.79","0.96","",""
"Average Progress 8 score","2016/17","2017","Academic year","Chinese","White/Asian/Black/Mixed/Chinese","England","Country","E92000001","Boys","All pupils","All state-funded schools","","All SEN","All state-funded schools","0.34","68","0.05","0.64","",""
"Average Progress 8 score","2016/17","2017","Academic year","Chinese","White/Asian/Black/Mixed/Chinese","England","Country","E92000001","Boys","All pupils","All state-funded schools","","SEN Support","All state-funded schools","0.67","49","0.33","1.02","",""
"Average Progress 8 score","2016/17","2017","Academic year","Chinese","White/Asian/Black/Mixed/Chinese","England","Country","E92000001","Boys","All pupils","All state-funded schools","","SEN with a statement or EHC plan","All state-funded schools","-0.50","19","-1.06","0.05","",""
"Average Progress 8 score","2016/17","2017","Academic year","Chinese","White/Asian/Black/Mixed/Chinese","England","Country","E92000001","Girls","All pupils","All state-funded schools","","No identified SEN","All state-funded schools","1.07","776","0.98","1.15","",""
"Average Progress 8 score","2016/17","2017","Academic year","Chinese","White/Asian/Black/Mixed/Chinese","England","Country","E92000001","Girls","All pupils","All state-funded schools","","All SEN","All state-funded schools","0.38","42","0.01","0.75","",""
"Average Progress 8 score","2016/17","2017","Academic year","Chinese","White/Asian/Black/Mixed/Chinese","England","Country","E92000001","Girls","All pupils","All state-funded schools","","SEN Support","All state-funded schools","0.88","27","0.41","1.34","",""
"Average Progress 8 score","2016/17","2017","Academic year","Chinese","White/Asian/Black/Mixed/Chinese","England","Country","E92000001","Girls","All pupils","All state-funded schools","","SEN with a statement or EHC plan","All state-funded schools","-0.51","15","-1.13","0.11","",""
"Average Progress 8 score","2016/17","2017","Academic year","All pupils","All pupils","England","Country","E92000001","All pupils","All pupils","All state-funded schools","","No identified SEN","All state-funded schools","0.07","426822","0.06","0.07","",""
"Average Progress 8 score","2016/17","2017","Academic year","All pupils","All pupils","England","Country","E92000001","All pupils","All pupils","All state-funded schools","","All SEN","All state-funded schools","-0.59","71232","-0.60","-0.58","",""
"Average Progress 8 score","2016/17","2017","Academic year","All pupils","All pupils","England","Country","E92000001","All pupils","All pupils","All state-funded schools","","SEN Support","All state-funded schools","-0.43","52529","-0.44","-0.42","",""
"Average Progress 8 score","2016/17","2017","Academic year","All pupils","All pupils","England","Country","E92000001","All pupils","All pupils","All state-funded schools","","SEN with a statement or EHC plan","All state-funded schools","-1.04","18703","-1.05","-1.02","",""
"Average Progress 8 score","2016/17","2017","Academic year","All pupils","All pupils","England","Country","E92000001","Boys","All pupils","All state-funded schools","","No identified SEN","All state-funded schools","-0.13","207479","-0.14","-0.13","",""
"Average Progress 8 score","2016/17","2017","Academic year","All pupils","All pupils","England","Country","E92000001","Boys","All pupils","All state-funded schools","","All SEN","All state-funded schools","-0.69","45267","-0.70","-0.68","",""
"Average Progress 8 score","2016/17","2017","Academic year","All pupils","All pupils","England","Country","E92000001","Boys","All pupils","All state-funded schools","","SEN Support","All state-funded schools","-0.53","31588","-0.55","-0.52","",""
"Average Progress 8 score","2016/17","2017","Academic year","All pupils","All pupils","England","Country","E92000001","Boys","All pupils","All state-funded schools","","SEN with a statement or EHC plan","All state-funded schools","-1.06","13679","-1.08","-1.04","",""
"Average Progress 8 score","2016/17","2017","Academic year","All pupils","All pupils","England","Country","E92000001","Girls","All pupils","All state-funded schools","","No identified SEN","All state-funded schools","0.26","219343","0.25","0.26","",""
"Average Progress 8 score","2016/17","2017","Academic year","All pupils","All pupils","England","Country","E92000001","Girls","All pupils","All state-funded schools","","All SEN","All state-funded schools","-0.41","25965","-0.42","-0.39","",""
"Average Progress 8 score","2016/17","2017","Academic year","All pupils","All pupils","England","Country","E92000001","Girls","All pupils","All state-funded schools","","SEN Support","All state-funded schools","-0.27","20941","-0.29","-0.26","",""
"Average Progress 8 score","2016/17","2017","Academic year","All pupils","All pupils","England","Country","E92000001","Girls","All pupils","All state-funded schools","","SEN with a statement or EHC plan","All state-funded schools","-0.96","5024","-1.00","-0.93","",""
"Average Progress 8 score","2016/17","2017","Academic year","White","White/Asian/Black/Mixed/Chinese","England","Country","E92000001","All pupils","All pupils","All state-funded schools","","All state-funded schools","No religious character","-0.10","318543","-0.10","-0.09","",""
"Average Progress 8 score","2016/17","2017","Academic year","Mixed","White/Asian/Black/Mixed/Chinese","England","Country","E92000001","All pupils","All pupils","All state-funded schools","","All state-funded schools","No religious character","0.00","17018","-0.02","0.02","",""
"Average Progress 8 score","2016/17","2017","Academic year","Asian","White/Asian/Black/Mixed/Chinese","England","Country","E92000001","All pupils","All pupils","All state-funded schools","","All state-funded schools","No religious character","0.47","40073","0.46","0.49","",""
"Average Progress 8 score","2016/17","2017","Academic year","Black","White/Asian/Black/Mixed/Chinese","England","Country","E92000001","All pupils","All pupils","All state-funded schools","","All state-funded schools","No religious character","0.17","16169","0.15","0.19","",""
"Average Progress 8 score","2016/17","2017","Academic year","Chinese","White/Asian/Black/Mixed/Chinese","England","Country","E92000001","All pupils","All pupils","All state-funded schools","","All state-funded schools","No religious character","0.97","1369","0.90","1.03","",""
"Average Progress 8 score","2016/17","2017","Academic year","White","White/Asian/Black/Mixed/Chinese","England","Country","E92000001","Boys","All pupils","All state-funded schools","","All state-funded schools","No religious character","-0.30","160793","-0.30","-0.29","",""
"Average Progress 8 score","2016/17","2017","Academic year","Mixed","White/Asian/Black/Mixed/Chinese","England","Country","E92000001","Boys","All pupils","All state-funded schools","","All state-funded schools","No religious character","-0.20","8498","-0.23","-0.18","",""
"Average Progress 8 score","2016/17","2017","Academic year","Asian","White/Asian/Black/Mixed/Chinese","England","Country","E92000001","Boys","All pupils","All state-funded schools","","All state-funded schools","No religious character","0.28","20328","0.27","0.30","",""
"Average Progress 8 score","2016/17","2017","Academic year","Black","White/Asian/Black/Mixed/Chinese","England","Country","E92000001","Boys","All pupils","All state-funded schools","","All state-funded schools","No religious character","-0.04","8150","-0.07","-0.01","",""
"Average Progress 8 score","2016/17","2017","Academic year","Chinese","White/Asian/Black/Mixed/Chinese","England","Country","E92000001","Boys","All pupils","All state-funded schools","","All state-funded schools","No religious character","0.87","695","0.78","0.96","",""
"Average Progress 8 score","2016/17","2017","Academic year","White","White/Asian/Black/Mixed/Chinese","England","Country","E92000001","Girls","All pupils","All state-funded schools","","All state-funded schools","No religious character","0.11","157750","0.10","0.11","",""
"Average Progress 8 score","2016/17","2017","Academic year","Mixed","White/Asian/Black/Mixed/Chinese","England","Country","E92000001","Girls","All pupils","All state-funded schools","","All state-funded schools","No religious character","0.20","8520","0.17","0.23","",""
"Average Progress 8 score","2016/17","2017","Academic year","Asian","White/Asian/Black/Mixed/Chinese","England","Country","E92000001","Girls","All pupils","All state-funded schools","","All state-funded schools","No religious character","0.67","19745","0.65","0.69","",""
"Average Progress 8 score","2016/17","2017","Academic year","Black","White/Asian/Black/Mixed/Chinese","England","Country","E92000001","Girls","All pupils","All state-funded schools","","All state-funded schools","No religious character","0.38","8019","0.35","0.40","",""
"Average Progress 8 score","2016/17","2017","Academic year","Chinese","White/Asian/Black/Mixed/Chinese","England","Country","E92000001","Girls","All pupils","All state-funded schools","","All state-funded schools","No religious character","1.07","674","0.97","1.16","",""
"Average Progress 8 score","2016/17","2017","Academic year","White","White/Asian/Black/Mixed/Chinese","England","Country","E92000001","All pupils","All pupils","All state-funded schools","","All state-funded schools","Church of England schools","-0.03","20799","-0.04","-0.01","",""
"Average Progress 8 score","2016/17","2017","Academic year","Mixed","White/Asian/Black/Mixed/Chinese","England","Country","E92000001","All pupils","All pupils","All state-funded schools","","All state-funded schools","Church of England schools","0.00","1278","-0.07","0.06","",""
"Average Progress 8 score","2016/17","2017","Academic year","Asian","White/Asian/Black/Mixed/Chinese","England","Country","E92000001","All pupils","All pupils","All state-funded schools","","All state-funded schools","Church of England schools","0.49","2086","0.43","0.54","",""
"Average Progress 8 score","2016/17","2017","Academic year","Black","White/Asian/Black/Mixed/Chinese","England","Country","E92000001","All pupils","All pupils","All state-funded schools","","All state-funded schools","Church of England schools","0.12","2226","0.07","0.17","",""
"Average Progress 8 score","2016/17","2017","Academic year","Chinese","White/Asian/Black/Mixed/Chinese","England","Country","E92000001","All pupils","All pupils","All state-funded schools","","All state-funded schools","Church of England schools","0.88","117","0.66","1.10","",""
"Average Progress 8 score","2016/17","2017","Academic year","White","White/Asian/Black/Mixed/Chinese","England","Country","E92000001","Boys","All pupils","All state-funded schools","","All state-funded schools","Church of England schools","-0.22","10469","-0.24","-0.20","",""
"Average Progress 8 score","2016/17","2017","Academic year","Mixed","White/Asian/Black/Mixed/Chinese","England","Country","E92000001","Boys","All pupils","All state-funded schools","","All state-funded schools","Church of England schools","-0.13","647","-0.23","-0.04","",""
"Average Progress 8 score","2016/17","2017","Academic year","Asian","White/Asian/Black/Mixed/Chinese","England","Country","E92000001","Boys","All pupils","All state-funded schools","","All state-funded schools","Church of England schools","0.37","1185","0.30","0.44","",""
"Average Progress 8 score","2016/17","2017","Academic year","Black","White/Asian/Black/Mixed/Chinese","England","Country","E92000001","Boys","All pupils","All state-funded schools","","All state-funded schools","Church of England schools","-0.12","1043","-0.19","-0.04","",""
"Average Progress 8 score","2016/17","2017","Academic year","Chinese","White/Asian/Black/Mixed/Chinese","England","Country","E92000001","Boys","All pupils","All state-funded schools","","All state-funded schools","Church of England schools","0.87","77","0.60","1.15","",""
"Average Progress 8 score","2016/17","2017","Academic year","White","White/Asian/Black/Mixed/Chinese","England","Country","E92000001","Girls","All pupils","All state-funded schools","","All state-funded schools","Church of England schools","0.17","10330","0.14","0.19","",""
"Average Progress 8 score","2016/17","2017","Academic year","Mixed","White/Asian/Black/Mixed/Chinese","England","Country","E92000001","Girls","All pupils","All state-funded schools","","All state-funded schools","Church of England schools","0.13","631","0.03","0.22","",""
"Average Progress 8 score","2016/17","2017","Academic year","Asian","White/Asian/Black/Mixed/Chinese","England","Country","E92000001","Girls","All pupils","All state-funded schools","","All state-funded schools","Church of England schools","0.63","901","0.55","0.71","",""
"Average Progress 8 score","2016/17","2017","Academic year","Black","White/Asian/Black/Mixed/Chinese","England","Country","E92000001","Girls","All pupils","All state-funded schools","","All state-funded schools","Church of England schools","0.33","1183","0.26","0.40","",""
"Average Progress 8 score","2016/17","2017","Academic year","Chinese","White/Asian/Black/Mixed/Chinese","England","Country","E92000001","Girls","All pupils","All state-funded schools","","All state-funded schools","Church of England schools","0.90","40","0.52","1.28","",""
"Average Progress 8 score","2016/17","2017","Academic year","White","White/Asian/Black/Mixed/Chinese","England","Country","E92000001","All pupils","All pupils","All state-funded schools","","All state-funded schools","Roman Catholic schools","0.00","35764","-0.01","0.02","",""
"Average Progress 8 score","2016/17","2017","Academic year","Mixed","White/Asian/Black/Mixed/Chinese","England","Country","E92000001","All pupils","All pupils","All state-funded schools","","All state-funded schools","Roman Catholic schools","0.09","2549","0.05","0.14","",""
"Average Progress 8 score","2016/17","2017","Academic year","Asian","White/Asian/Black/Mixed/Chinese","England","Country","E92000001","All pupils","All pupils","All state-funded schools","","All state-funded schools","Roman Catholic schools","0.61","3228","0.57","0.65","",""
"Average Progress 8 score","2016/17","2017","Academic year","Black","White/Asian/Black/Mixed/Chinese","England","Country","E92000001","All pupils","All pupils","All state-funded schools","","All state-funded schools","Roman Catholic schools","0.33","4655","0.29","0.36","",""
"Average Progress 8 score","2016/17","2017","Academic year","Chinese","White/Asian/Black/Mixed/Chinese","England","Country","E92000001","All pupils","All pupils","All state-funded schools","","All state-funded schools","Roman Catholic schools","0.91","125","0.70","1.13","",""
"Average Progress 8 score","2016/17","2017","Academic year","White","White/Asian/Black/Mixed/Chinese","England","Country","E92000001","Boys","All pupils","All state-funded schools","","All state-funded schools","Roman Catholic schools","-0.20","17644","-0.22","-0.18","",""
"Average Progress 8 score","2016/17","2017","Academic year","Mixed","White/Asian/Black/Mixed/Chinese","England","Country","E92000001","Boys","All pupils","All state-funded schools","","All state-funded schools","Roman Catholic schools","-0.16","1152","-0.24","-0.09","",""
"Average Progress 8 score","2016/17","2017","Academic year","Asian","White/Asian/Black/Mixed/Chinese","England","Country","E92000001","Boys","All pupils","All state-funded schools","","All state-funded schools","Roman Catholic schools","0.40","1622","0.34","0.46","",""
"Average Progress 8 score","2016/17","2017","Academic year","Black","White/Asian/Black/Mixed/Chinese","England","Country","E92000001","Boys","All pupils","All state-funded schools","","All state-funded schools","Roman Catholic schools","0.13","2109","0.08","0.18","",""
"Average Progress 8 score","2016/17","2017","Academic year","Chinese","White/Asian/Black/Mixed/Chinese","England","Country","E92000001","Boys","All pupils","All state-funded schools","","All state-funded schools","Roman Catholic schools","0.62","50","0.28","0.96","",""
"Average Progress 8 score","2016/17","2017","Academic year","White","White/Asian/Black/Mixed/Chinese","England","Country","E92000001","Girls","All pupils","All state-funded schools","","All state-funded schools","Roman Catholic schools","0.20","18120","0.18","0.22","",""
"Average Progress 8 score","2016/17","2017","Academic year","Mixed","White/Asian/Black/Mixed/Chinese","England","Country","E92000001","Girls","All pupils","All state-funded schools","","All state-funded schools","Roman Catholic schools","0.30","1397","0.24","0.37","",""
"Average Progress 8 score","2016/17","2017","Academic year","Asian","White/Asian/Black/Mixed/Chinese","England","Country","E92000001","Girls","All pupils","All state-funded schools","","All state-funded schools","Roman Catholic schools","0.82","1606","0.76","0.88","",""
"Average Progress 8 score","2016/17","2017","Academic year","Black","White/Asian/Black/Mixed/Chinese","England","Country","E92000001","Girls","All pupils","All state-funded schools","","All state-funded schools","Roman Catholic schools","0.49","2546","0.44","0.54","",""
"Average Progress 8 score","2016/17","2017","Academic year","Chinese","White/Asian/Black/Mixed/Chinese","England","Country","E92000001","Girls","All pupils","All state-funded schools","","All state-funded schools","Roman Catholic schools","1.11","75","0.83","1.39","",""
"Average Progress 8 score","2016/17","2017","Academic year","White","White/Asian/Black/Mixed/Chinese","England","Country","E92000001","All pupils","All pupils","All state-funded schools","","All state-funded schools","Other Christian faith schools","-0.07","7490","-0.10","-0.05","",""
"Average Progress 8 score","2016/17","2017","Academic year","Mixed","White/Asian/Black/Mixed/Chinese","England","Country","E92000001","All pupils","All pupils","All state-funded schools","","All state-funded schools","Other Christian faith schools","0.15","492","0.05","0.26","",""
"Average Progress 8 score","2016/17","2017","Academic year","Asian","White/Asian/Black/Mixed/Chinese","England","Country","E92000001","All pupils","All pupils","All state-funded schools","","All state-funded schools","Other Christian faith schools","0.67","786","0.59","0.76","",""
"Average Progress 8 score","2016/17","2017","Academic year","Black","White/Asian/Black/Mixed/Chinese","England","Country","E92000001","All pupils","All pupils","All state-funded schools","","All state-funded schools","Other Christian faith schools","0.21","587","0.11","0.31","",""
"Average Progress 8 score","2016/17","2017","Academic year","Chinese","White/Asian/Black/Mixed/Chinese","England","Country","E92000001","All pupils","All pupils","All state-funded schools","","All state-funded schools","Other Christian faith schools","0.92","48","0.57","1.27","",""
"Average Progress 8 score","2016/17","2017","Academic year","White","White/Asian/Black/Mixed/Chinese","England","Country","E92000001","Boys","All pupils","All state-funded schools","","All state-funded schools","Other Christian faith schools","-0.26","3819","-0.30","-0.22","",""
"Average Progress 8 score","2016/17","2017","Academic year","Mixed","White/Asian/Black/Mixed/Chinese","England","Country","E92000001","Boys","All pupils","All state-funded schools","","All state-funded schools","Other Christian faith schools","-0.02","257","-0.17","0.13","",""
"Average Progress 8 score","2016/17","2017","Academic year","Asian","White/Asian/Black/Mixed/Chinese","England","Country","E92000001","Boys","All pupils","All state-funded schools","","All state-funded schools","Other Christian faith schools","0.54","440","0.42","0.65","",""
"Average Progress 8 score","2016/17","2017","Academic year","Black","White/Asian/Black/Mixed/Chinese","England","Country","E92000001","Boys","All pupils","All state-funded schools","","All state-funded schools","Other Christian faith schools","-0.06","318","-0.20","0.07","",""
"Average Progress 8 score","2016/17","2017","Academic year","Chinese","White/Asian/Black/Mixed/Chinese","England","Country","E92000001","Boys","All pupils","All state-funded schools","","All state-funded schools","Other Christian faith schools","1.06","28","0.61","1.52","",""
"Average Progress 8 score","2016/17","2017","Academic year","White","White/Asian/Black/Mixed/Chinese","England","Country","E92000001","Girls","All pupils","All state-funded schools","","All state-funded schools","Other Christian faith schools","0.12","3671","0.08","0.16","",""
"Average Progress 8 score","2016/17","2017","Academic year","Mixed","White/Asian/Black/Mixed/Chinese","England","Country","E92000001","Girls","All pupils","All state-funded schools","","All state-funded schools","Other Christian faith schools","0.34","235","0.19","0.50","",""
"Average Progress 8 score","2016/17","2017","Academic year","Asian","White/Asian/Black/Mixed/Chinese","England","Country","E92000001","Girls","All pupils","All state-funded schools","","All state-funded schools","Other Christian faith schools","0.84","346","0.71","0.97","",""
"Average Progress 8 score","2016/17","2017","Academic year","Black","White/Asian/Black/Mixed/Chinese","England","Country","E92000001","Girls","All pupils","All state-funded schools","","All state-funded schools","Other Christian faith schools","0.54","269","0.40","0.69","",""
"Average Progress 8 score","2016/17","2017","Academic year","Chinese","White/Asian/Black/Mixed/Chinese","England","Country","E92000001","Girls","All pupils","All state-funded schools","","All state-funded schools","Other Christian faith schools","0.73","20","0.19","1.26","",""
"Average Progress 8 score","2016/17","2017","Academic year","White","White/Asian/Black/Mixed/Chinese","England","Country","E92000001","All pupils","All pupils","All state-funded schools","","All state-funded schools","Jewish schools","0.57","812","0.49","0.66","",""
"Average Progress 8 score","2016/17","2017","Academic year","Mixed","White/Asian/Black/Mixed/Chinese","England","Country","E92000001","All pupils","All pupils","All state-funded schools","","All state-funded schools","Jewish schools","0.87","23","0.36","1.37","",""
"Average Progress 8 score","2016/17","2017","Academic year","Asian","White/Asian/Black/Mixed/Chinese","England","Country","E92000001","All pupils","All pupils","All state-funded schools","","All state-funded schools","Jewish schools","0.78","26","0.31","1.25","",""
"Average Progress 8 score","2016/17","2017","Academic year","Black","White/Asian/Black/Mixed/Chinese","England","Country","E92000001","All pupils","All pupils","All state-funded schools","","All state-funded schools","Jewish schools","-0.31","23","-0.81","0.20","",""
"Average Progress 8 score","2016/17","2017","Academic year","Chinese","White/Asian/Black/Mixed/Chinese","England","Country","E92000001","All pupils","All pupils","All state-funded schools","","All state-funded schools","Jewish schools","0.64","3","-0.75","2.03","",""
"Average Progress 8 score","2016/17","2017","Academic year","White","White/Asian/Black/Mixed/Chinese","England","Country","E92000001","Boys","All pupils","All state-funded schools","","All state-funded schools","Jewish schools","0.19","366","0.07","0.32","",""
"Average Progress 8 score","2016/17","2017","Academic year","Mixed","White/Asian/Black/Mixed/Chinese","England","Country","E92000001","Boys","All pupils","All state-funded schools","","All state-funded schools","Jewish schools","0.47","11","-0.25","1.20","",""
"Average Progress 8 score","2016/17","2017","Academic year","Asian","White/Asian/Black/Mixed/Chinese","England","Country","E92000001","Boys","All pupils","All state-funded schools","","All state-funded schools","Jewish schools","0.59","16","-0.01","1.19","",""
"Average Progress 8 score","2016/17","2017","Academic year","Black","White/Asian/Black/Mixed/Chinese","England","Country","E92000001","Boys","All pupils","All state-funded schools","","All state-funded schools","Jewish schools","!","!","!","!","",""
"Average Progress 8 score","2016/17","2017","Academic year","Chinese","White/Asian/Black/Mixed/Chinese","England","Country","E92000001","Boys","All pupils","All state-funded schools","","All state-funded schools","Jewish schools","!","!","!","!","",""
"Average Progress 8 score","2016/17","2017","Academic year","White","White/Asian/Black/Mixed/Chinese","England","Country","E92000001","Girls","All pupils","All state-funded schools","","All state-funded schools","Jewish schools","0.89","446","0.77","1.00","",""
"Average Progress 8 score","2016/17","2017","Academic year","Mixed","White/Asian/Black/Mixed/Chinese","England","Country","E92000001","Girls","All pupils","All state-funded schools","","All state-funded schools","Jewish schools","1.23","12","0.53","1.92","",""
"Average Progress 8 score","2016/17","2017","Academic year","Asian","White/Asian/Black/Mixed/Chinese","England","Country","E92000001","Girls","All pupils","All state-funded schools","","All state-funded schools","Jewish schools","1.08","10","0.32","1.85","",""
"Average Progress 8 score","2016/17","2017","Academic year","Black","White/Asian/Black/Mixed/Chinese","England","Country","E92000001","Girls","All pupils","All state-funded schools","","All state-funded schools","Jewish schools","!","!","!","!","",""
"Average Progress 8 score","2016/17","2017","Academic year","Chinese","White/Asian/Black/Mixed/Chinese","England","Country","E92000001","Girls","All pupils","All state-funded schools","","All state-funded schools","Jewish schools","!","!","!","!","",""
"Average Progress 8 score","2016/17","2017","Academic year","White","White/Asian/Black/Mixed/Chinese","England","Country","E92000001","All pupils","All pupils","All state-funded schools","","All state-funded schools","Muslim schools","!","!","!","!","",""
"Average Progress 8 score","2016/17","2017","Academic year","Mixed","White/Asian/Black/Mixed/Chinese","England","Country","E92000001","All pupils","All pupils","All state-funded schools","","All state-funded schools","Muslim schools","!","!","!","!","",""
"Average Progress 8 score","2016/17","2017","Academic year","Asian","White/Asian/Black/Mixed/Chinese","England","Country","E92000001","All pupils","All pupils","All state-funded schools","","All state-funded schools","Muslim schools","1.06","611","0.96","1.16","",""
"Average Progress 8 score","2016/17","2017","Academic year","Black","White/Asian/Black/Mixed/Chinese","England","Country","E92000001","All pupils","All pupils","All state-funded schools","","All state-funded schools","Muslim schools","0.65","39","0.26","1.04","",""
"Average Progress 8 score","2016/17","2017","Academic year","Chinese","White/Asian/Black/Mixed/Chinese","England","Country","E92000001","All pupils","All pupils","All state-funded schools","","All state-funded schools","Muslim schools","N/A","0","N/A","N/A","",""
"Average Progress 8 score","2016/17","2017","Academic year","White","White/Asian/Black/Mixed/Chinese","England","Country","E92000001","Boys","All pupils","All state-funded schools","","All state-funded schools","Muslim schools","N/A","0","N/A","N/A","",""
"Average Progress 8 score","2016/17","2017","Academic year","Mixed","White/Asian/Black/Mixed/Chinese","England","Country","E92000001","Boys","All pupils","All state-funded schools","","All state-funded schools","Muslim schools","0.56","3","-0.83","1.95","",""
"Average Progress 8 score","2016/17","2017","Academic year","Asian","White/Asian/Black/Mixed/Chinese","England","Country","E92000001","Boys","All pupils","All state-funded schools","","All state-funded schools","Muslim schools","0.84","153","0.65","1.04","",""
"Average Progress 8 score","2016/17","2017","Academic year","Black","White/Asian/Black/Mixed/Chinese","England","Country","E92000001","Boys","All pupils","All state-funded schools","","All state-funded schools","Muslim schools","0.44","20","-0.10","0.98","",""
"Average Progress 8 score","2016/17","2017","Academic year","Chinese","White/Asian/Black/Mixed/Chinese","England","Country","E92000001","Boys","All pupils","All state-funded schools","","All state-funded schools","Muslim schools","N/A","0","N/A","N/A","",""
"Average Progress 8 score","2016/17","2017","Academic year","White","White/Asian/Black/Mixed/Chinese","England","Country","E92000001","Girls","All pupils","All state-funded schools","","All state-funded schools","Muslim schools","!","!","!","!","",""
"Average Progress 8 score","2016/17","2017","Academic year","Mixed","White/Asian/Black/Mixed/Chinese","England","Country","E92000001","Girls","All pupils","All state-funded schools","","All state-funded schools","Muslim schools","!","!","!","!","",""
"Average Progress 8 score","2016/17","2017","Academic year","Asian","White/Asian/Black/Mixed/Chinese","England","Country","E92000001","Girls","All pupils","All state-funded schools","","All state-funded schools","Muslim schools","1.14","458","1.02","1.25","",""
"Average Progress 8 score","2016/17","2017","Academic year","Black","White/Asian/Black/Mixed/Chinese","England","Country","E92000001","Girls","All pupils","All state-funded schools","","All state-funded schools","Muslim schools","0.87","19","0.32","1.42","",""
"Average Progress 8 score","2016/17","2017","Academic year","Chinese","White/Asian/Black/Mixed/Chinese","England","Country","E92000001","Girls","All pupils","All state-funded schools","","All state-funded schools","Muslim schools","N/A","0","N/A","N/A","",""
"Average Progress 8 score","2016/17","2017","Academic year","White","White/Asian/Black/Mixed/Chinese","England","Country","E92000001","All pupils","All pupils","All state-funded schools","","All state-funded schools","Sikh school","!","!","!","!","",""
"Average Progress 8 score","2016/17","2017","Academic year","Mixed","White/Asian/Black/Mixed/Chinese","England","Country","E92000001","All pupils","All pupils","All state-funded schools","","All state-funded schools","Sikh school","!","28","!","!","",""
"Average Progress 8 score","2016/17","2017","Academic year","Asian","White/Asian/Black/Mixed/Chinese","England","Country","E92000001","All pupils","All pupils","All state-funded schools","","All state-funded schools","Sikh school","0.79","207","0.62","0.96","",""
"Average Progress 8 score","2016/17","2017","Academic year","Black","White/Asian/Black/Mixed/Chinese","England","Country","E92000001","All pupils","All pupils","All state-funded schools","","All state-funded schools","Sikh school","!","!","!","!","",""
"Average Progress 8 score","2016/17","2017","Academic year","Chinese","White/Asian/Black/Mixed/Chinese","England","Country","E92000001","All pupils","All pupils","All state-funded schools","","All state-funded schools","Sikh school","N/A","0","N/A","N/A","",""
"Average Progress 8 score","2016/17","2017","Academic year","White","White/Asian/Black/Mixed/Chinese","England","Country","E92000001","Boys","All pupils","All state-funded schools","","All state-funded schools","Sikh school","N/A","0","N/A","N/A","",""
"Average Progress 8 score","2016/17","2017","Academic year","Mixed","White/Asian/Black/Mixed/Chinese","England","Country","E92000001","Boys","All pupils","All state-funded schools","","All state-funded schools","Sikh school","0.42","16","-0.18","1.02","",""
"Average Progress 8 score","2016/17","2017","Academic year","Asian","White/Asian/Black/Mixed/Chinese","England","Country","E92000001","Boys","All pupils","All state-funded schools","","All state-funded schools","Sikh school","0.59","118","0.37","0.81","",""
"Average Progress 8 score","2016/17","2017","Academic year","Black","White/Asian/Black/Mixed/Chinese","England","Country","E92000001","Boys","All pupils","All state-funded schools","","All state-funded schools","Sikh school","N/A","0","N/A","N/A","",""
"Average Progress 8 score","2016/17","2017","Academic year","Chinese","White/Asian/Black/Mixed/Chinese","England","Country","E92000001","Boys","All pupils","All state-funded schools","","All state-funded schools","Sikh school","N/A","0","N/A","N/A","",""
"Average Progress 8 score","2016/17","2017","Academic year","White","White/Asian/Black/Mixed/Chinese","England","Country","E92000001","Girls","All pupils","All state-funded schools","","All state-funded schools","Sikh school","!","!","!","!","",""
"Average Progress 8 score","2016/17","2017","Academic year","Mixed","White/Asian/Black/Mixed/Chinese","England","Country","E92000001","Girls","All pupils","All state-funded schools","","All state-funded schools","Sikh school","!","12","!","!","",""
"Average Progress 8 score","2016/17","2017","Academic year","Asian","White/Asian/Black/Mixed/Chinese","England","Country","E92000001","Girls","All pupils","All state-funded schools","","All state-funded schools","Sikh school","1.05","89","0.80","1.31","",""
"Average Progress 8 score","2016/17","2017","Academic year","Black","White/Asian/Black/Mixed/Chinese","England","Country","E92000001","Girls","All pupils","All state-funded schools","","All state-funded schools","Sikh school","!","!","!","!","",""
"Average Progress 8 score","2016/17","2017","Academic year","Chinese","White/Asian/Black/Mixed/Chinese","England","Country","E92000001","Girls","All pupils","All state-funded schools","","All state-funded schools","Sikh school","N/A","0","N/A","N/A","",""
"Average Progress 8 score","2016/17","2017","Academic year","White","White/Asian/Black/Mixed/Chinese","England","Country","E92000001","All pupils","All pupils","All state-funded schools","","All state-funded schools","All state-funded mainstream schools","-0.08","383477","-0.09","-0.08","",""
"Average Progress 8 score","2016/17","2017","Academic year","Mixed","White/Asian/Black/Mixed/Chinese","England","Country","E92000001","All pupils","All pupils","All state-funded schools","","All state-funded schools","All state-funded mainstream schools","0.01","21407","0.00","0.03","",""
"Average Progress 8 score","2016/17","2017","Academic year","Asian","White/Asian/Black/Mixed/Chinese","England","Country","E92000001","All pupils","All pupils","All state-funded schools","","All state-funded schools","All state-funded mainstream schools","0.50","47104","0.49","0.51","",""
"Average Progress 8 score","2016/17","2017","Academic year","Black","White/Asian/Black/Mixed/Chinese","England","Country","E92000001","All pupils","All pupils","All state-funded schools","","All state-funded schools","All state-funded mainstream schools","0.19","23707","0.18","0.21","",""
"Average Progress 8 score","2016/17","2017","Academic year","Chinese","White/Asian/Black/Mixed/Chinese","England","Country","E92000001","All pupils","All pupils","All state-funded schools","","All state-funded schools","All state-funded mainstream schools","0.95","1662","0.89","1.01","",""
"Average Progress 8 score","2016/17","2017","Academic year","White","White/Asian/Black/Mixed/Chinese","England","Country","E92000001","Boys","All pupils","All state-funded schools","","All state-funded schools","All state-funded mainstream schools","-0.28","193139","-0.29","-0.28","",""
"Average Progress 8 score","2016/17","2017","Academic year","Mixed","White/Asian/Black/Mixed/Chinese","England","Country","E92000001","Boys","All pupils","All state-funded schools","","All state-funded schools","All state-funded mainstream schools","-0.19","10592","-0.21","-0.17","",""
"Average Progress 8 score","2016/17","2017","Academic year","Asian","White/Asian/Black/Mixed/Chinese","England","Country","E92000001","Boys","All pupils","All state-funded schools","","All state-funded schools","All state-funded mainstream schools","0.31","23914","0.29","0.32","",""
"Average Progress 8 score","2016/17","2017","Academic year","Black","White/Asian/Black/Mixed/Chinese","England","Country","E92000001","Boys","All pupils","All state-funded schools","","All state-funded schools","All state-funded mainstream schools","-0.02","11657","-0.04","0.01","",""
"Average Progress 8 score","2016/17","2017","Academic year","Chinese","White/Asian/Black/Mixed/Chinese","England","Country","E92000001","Boys","All pupils","All state-funded schools","","All state-funded schools","All state-funded mainstream schools","0.86","851","0.77","0.94","",""
"Average Progress 8 score","2016/17","2017","Academic year","White","White/Asian/Black/Mixed/Chinese","England","Country","E92000001","Girls","All pupils","All state-funded schools","","All state-funded schools","All state-funded mainstream schools","0.12","190338","0.11","0.13","",""
"Average Progress 8 score","2016/17","2017","Academic year","Mixed","White/Asian/Black/Mixed/Chinese","England","Country","E92000001","Girls","All pupils","All state-funded schools","","All state-funded schools","All state-funded mainstream schools","0.21","10815","0.19","0.24","",""
"Average Progress 8 score","2016/17","2017","Academic year","Asian","White/Asian/Black/Mixed/Chinese","England","Country","E92000001","Girls","All pupils","All state-funded schools","","All state-funded schools","All state-funded mainstream schools","0.69","23190","0.68","0.71","",""
"Average Progress 8 score","2016/17","2017","Academic year","Black","White/Asian/Black/Mixed/Chinese","England","Country","E92000001","Girls","All pupils","All state-funded schools","","All state-funded schools","All state-funded mainstream schools","0.40","12050","0.38","0.42","",""
"Average Progress 8 score","2016/17","2017","Academic year","Chinese","White/Asian/Black/Mixed/Chinese","England","Country","E92000001","Girls","All pupils","All state-funded schools","","All state-funded schools","All state-funded mainstream schools","1.05","811","0.97","1.14","",""
"Average Progress 8 score","2016/17","2017","Academic year","All pupils","All pupils","England","Country","E92000001","All pupils","All pupils","All state-funded schools","","All state-funded schools","No religious character","-0.01","401831","-0.02","-0.01","",""
"Average Progress 8 score","2016/17","2017","Academic year","All pupils","All pupils","England","Country","E92000001","Boys","All pupils","All state-funded schools","","All state-funded schools","No religious character","-0.21","202947","-0.22","-0.21","",""
"Average Progress 8 score","2016/17","2017","Academic year","All pupils","All pupils","England","Country","E92000001","Girls","All pupils","All state-funded schools","","All state-funded schools","No religious character","0.19","198884","0.18","0.19","",""
"Average Progress 8 score","2016/17","2017","Academic year","All pupils","All pupils","England","Country","E92000001","All pupils","All pupils","All state-funded schools","","All state-funded schools","Church of England schools","0.04","27415","0.02","0.05","",""
"Average Progress 8 score","2016/17","2017","Academic year","All pupils","All pupils","England","Country","E92000001","Boys","All pupils","All state-funded schools","","All state-funded schools","Church of England schools","-0.14","13890","-0.16","-0.12","",""
"Average Progress 8 score","2016/17","2017","Academic year","All pupils","All pupils","England","Country","E92000001","Girls","All pupils","All state-funded schools","","All state-funded schools","Church of England schools","0.22","13525","0.20","0.24","",""
"Average Progress 8 score","2016/17","2017","Academic year","All pupils","All pupils","England","Country","E92000001","All pupils","All pupils","All state-funded schools","","All state-funded schools","Roman Catholic schools","0.10","47561","0.09","0.11","",""
"Average Progress 8 score","2016/17","2017","Academic year","All pupils","All pupils","England","Country","E92000001","Boys","All pupils","All state-funded schools","","All state-funded schools","Roman Catholic schools","-0.11","23171","-0.12","-0.09","",""
"Average Progress 8 score","2016/17","2017","Academic year","All pupils","All pupils","England","Country","E92000001","Girls","All pupils","All state-funded schools","","All state-funded schools","Roman Catholic schools","0.29","24390","0.28","0.31","",""
"Average Progress 8 score","2016/17","2017","Academic year","All pupils","All pupils","England","Country","E92000001","All pupils","All pupils","All state-funded schools","","All state-funded schools","Other Christian faith schools","0.04","9711","0.01","0.06","",""
"Average Progress 8 score","2016/17","2017","Academic year","All pupils","All pupils","England","Country","E92000001","Boys","All pupils","All state-funded schools","","All state-funded schools","Other Christian faith schools","-0.14","5033","-0.17","-0.11","",""
"Average Progress 8 score","2016/17","2017","Academic year","All pupils","All pupils","England","Country","E92000001","Girls","All pupils","All state-funded schools","","All state-funded schools","Other Christian faith schools","0.23","4678","0.19","0.26","",""
"Average Progress 8 score","2016/17","2017","Academic year","All pupils","All pupils","England","Country","E92000001","All pupils","All pupils","All state-funded schools","","All state-funded schools","Jewish schools","0.61","1148","0.54","0.69","",""
"Average Progress 8 score","2016/17","2017","Academic year","All pupils","All pupils","England","Country","E92000001","Boys","All pupils","All state-funded schools","","All state-funded schools","Jewish schools","0.29","547","0.18","0.39","",""
"Average Progress 8 score","2016/17","2017","Academic year","All pupils","All pupils","England","Country","E92000001","Girls","All pupils","All state-funded schools","","All state-funded schools","Jewish schools","0.91","601","0.82","1.01","",""
"Average Progress 8 score","2016/17","2017","Academic year","All pupils","All pupils","England","Country","E92000001","All pupils","All pupils","All state-funded schools","","All state-funded schools","Muslim schools","1.02","671","0.93","1.12","",""
"Average Progress 8 score","2016/17","2017","Academic year","All pupils","All pupils","England","Country","E92000001","Boys","All pupils","All state-funded schools","","All state-funded schools","Muslim schools","0.78","178","0.60","0.96","",""
"Average Progress 8 score","2016/17","2017","Academic year","All pupils","All pupils","England","Country","E92000001","Girls","All pupils","All state-funded schools","","All state-funded schools","Muslim schools","1.11","493","1.00","1.22","",""
"Average Progress 8 score","2016/17","2017","Academic year","All pupils","All pupils","England","Country","E92000001","All pupils","All pupils","All state-funded schools","","All state-funded schools","Sikh school","0.78","266","0.63","0.92","",""
"Average Progress 8 score","2016/17","2017","Academic year","All pupils","All pupils","England","Country","E92000001","Boys","All pupils","All state-funded schools","","All state-funded schools","Sikh school","0.58","146","0.38","0.78","",""
"Average Progress 8 score","2016/17","2017","Academic year","All pupils","All pupils","England","Country","E92000001","Girls","All pupils","All state-funded schools","","All state-funded schools","Sikh school","1.01","120","0.79","1.23","",""
"Average Progress 8 score","2016/17","2017","Academic year","All pupils","All pupils","England","Country","E92000001","All pupils","All pupils","All state-funded schools","","All state-funded schools","All state-funded mainstream schools","0.00","489560","0.00","0.00","",""
"Average Progress 8 score","2016/17","2017","Academic year","All pupils","All pupils","England","Country","E92000001","Boys","All pupils","All state-funded schools","","All state-funded schools","All state-funded mainstream schools","-0.20","246433","-0.20","-0.19","",""
"Average Progress 8 score","2016/17","2017","Academic year","All pupils","All pupils","England","Country","E92000001","Girls","All pupils","All state-funded schools","All state-funded schools","All state-funded schools","All state-funded mainstream schools","0.20","243127","0.20","0.21","",""
"Average Progress 8 score","2016/17","2017","Academic year","White","White/Asian/Black/Mixed/Chinese","England","Country","E92000001","All pupils","All pupils","All state-funded schools","","All state-funded schools","Hindu school","!","!","!","!","",""
"Average Progress 8 score","2016/17","2017","Academic year","Mixed","White/Asian/Black/Mixed/Chinese","England","Country","E92000001","All pupils","All pupils","All state-funded schools","","All state-funded schools","Hindu school","!","!","!","!","",""
"Average Progress 8 score","2016/17","2017","Academic year","Asian","White/Asian/Black/Mixed/Chinese","England","Country","E92000001","All pupils","All pupils","All state-funded schools","","All state-funded schools","Hindu school","!","!","!","!","",""
"Average Progress 8 score","2016/17","2017","Academic year","Black","White/Asian/Black/Mixed/Chinese","England","Country","E92000001","All pupils","All pupils","All state-funded schools","","All state-funded schools","Hindu school","!","!","!","!","",""
"Average Progress 8 score","2016/17","2017","Academic year","Chinese","White/Asian/Black/Mixed/Chinese","England","Country","E92000001","All pupils","All pupils","All state-funded schools","","All state-funded schools","Hindu school","!","!","!","!","",""
"Average Progress 8 score","2016/17","2017","Academic year","White","White/Asian/Black/Mixed/Chinese","England","Country","E92000001","Boys","All pupils","All state-funded schools","","All state-funded schools","Hindu school","!","!","!","!","",""
"Average Progress 8 score","2016/17","2017","Academic year","Mixed","White/Asian/Black/Mixed/Chinese","England","Country","E92000001","Boys","All pupils","All state-funded schools","","All state-funded schools","Hindu school","!","!","!","!","",""
"Average Progress 8 score","2016/17","2017","Academic year","Asian","White/Asian/Black/Mixed/Chinese","England","Country","E92000001","Boys","All pupils","All state-funded schools","","All state-funded schools","Hindu school","!","!","!","!","",""
"Average Progress 8 score","2016/17","2017","Academic year","Black","White/Asian/Black/Mixed/Chinese","England","Country","E92000001","Boys","All pupils","All state-funded schools","","All state-funded schools","Hindu school","!","!","!","!","",""
"Average Progress 8 score","2016/17","2017","Academic year","Chinese","White/Asian/Black/Mixed/Chinese","England","Country","E92000001","Boys","All pupils","All state-funded schools","","All state-funded schools","Hindu school","!","!","!","!","",""
"Average Progress 8 score","2016/17","2017","Academic year","White","White/Asian/Black/Mixed/Chinese","England","Country","E92000001","Girls","All pupils","All state-funded schools","","All state-funded schools","Hindu school","!","!","!","!","",""
"Average Progress 8 score","2016/17","2017","Academic year","Mixed","White/Asian/Black/Mixed/Chinese","England","Country","E92000001","Girls","All pupils","All state-funded schools","","All state-funded schools","Hindu school","!","!","!","!","",""
"Average Progress 8 score","2016/17","2017","Academic year","Asian","White/Asian/Black/Mixed/Chinese","England","Country","E92000001","Girls","All pupils","All state-funded schools","","All state-funded schools","Hindu school","!","!","!","!","",""
"Average Progress 8 score","2016/17","2017","Academic year","Black","White/Asian/Black/Mixed/Chinese","England","Country","E92000001","Girls","All pupils","All state-funded schools","","All state-funded schools","Hindu school","!","!","!","!","",""
"Average Progress 8 score","2016/17","2017","Academic year","Chinese","White/Asian/Black/Mixed/Chinese","England","Country","E92000001","Girls","All pupils","All state-funded schools","","All state-funded schools","Hindu school","!","!","!","!","",""
"Average Progress 8 score","2016/17","2017","Academic year","All pupils","All pupils","England","Country","E92000001","All pupils","All pupils","All state-funded schools","","All state-funded schools","Hindu school","0.56","89","0.31","0.82","",""
"Average Progress 8 score","2016/17","2017","Academic year","All pupils","All pupils","England","Country","E92000001","Boys","All pupils","All state-funded schools","","All state-funded schools","Hindu school","0.38","54","0.05","0.71","",""
"Average Progress 8 score","2016/17","2017","Academic year","All pupils","All pupils","England","Country","E92000001","Girls","All pupils","All state-funded schools","","All state-funded schools","Hindu school","0.84","35","0.43","1.25","",""
